CACHE type 5 produced by analog 6.0/Unix. Do not modify or delete!
T	0	0	5303	608	256	831	112809449
D	27509696	27757499
19103	275	2	2	50539
19103	287	1	1	38254
19104	3	2	2	76508
19104	17	1	1	38254
19105	43	2	1	24583
19108	164	78	10	1722576
19108	165	240	10	4551447
19108	166	6	5	121029
19108	168	81	13	1661952
19108	169	2	1	37377
19108	173	58	2	1221616
19108	182	63	11	1209166
19108	188	2	2	41988
19108	191	2	2	41925
19108	198	2	2	41697
19108	207	2	1	11332
19108	234	154	8	3274054
19108	237	76	4	1434419
19108	239	55	2	1213316
19108	275	2	2	41990
19109	24	60	2	1406518
19109	124	203	7	2936453
19110	156	1	1	11308
19110	157	24	3	602344
19110	231	62	2	1659933
19110	233	37	9	1036833
19110	234	76	6	1871452
19110	237	9	1	283271
19110	240	12	2	360121
19110	241	7	1	187548
19110	242	9	3	229070
19111	176	2	0	24583
19112	159	17	6	426459
19112	206	1	1	11312
19112	207	24	3	602239
19112	211	44	2	1159478
19112	240	44	2	1159476
19114	93	34	2	457301
19114	108	59	2	1236790
19114	225	59	2	1236742
19114	255	2	2	22616
19114	256	42	0	1136860
19115	237	59	2	1389064
19116	10	22	1	579737
19116	92	26	2	730324
19116	93	18	0	429144
19117	30	1	1	11260
19117	68	44	2	1159476
19117	76	58	2	1191870
19117	169	57	3	1215589
19117	175	2	2	41707
19117	181	2	2	41716
19117	281	55	3	788819
19118	88	44	2	1159466
19120	29	1	1	11307
19120	33	21	0	568430
19121	22	1	1	11307
19121	26	21	0	568430
19121	55	1	1	38254
19121	258	1	1	48303
19121	270	1	1	48232
19121	273	1	1	48232
19122	2	1	1	38254
19122	193	1	1	11308
19122	197	21	0	568430
19123	65	1	1	11301
19123	89	24	3	602347
19123	202	1	1	11308
19123	209	21	0	568430
19124	166	1	1	48303
19124	201	1	1	11308
19124	209	21	0	568430
19126	279	1	1	11308
19127	10	21	0	568430
19127	53	1	1	48303
19127	232	58	3	1218262
19127	233	9	3	133516
19128	22	1	1	11302
19128	24	21	0	568430
19129	104	1	1	11307
19129	114	21	0	568430
19129	138	180	11	3695998
19129	139	7	5	226188
19129	171	7	1	164745
19129	172	15	0	414994
19130	55	1	1	11301
19130	63	21	0	568430
19130	159	59	4	1228018
19131	204	1	1	48303
19131	260	1	1	48303
19132	136	1	1	11308
19132	149	109	6	2135297
19132	162	2	1	34048
19132	163	79	17	1596324
19132	164	14	5	740431
19132	165	13	2	1818638
19132	168	10	7	182536
19133	130	1	1	11308
19133	148	1	1	48303
19135	86	1	1	48303
19137	163	1	1	48232
19139	209	1	1	11309
19139	216	21	0	568430
19141	128	1	1	38254
19145	187	1	1	38254
19145	209	1	1	11301
19145	211	1	1	11307
19150	6	1	1	48232
19150	21	1	1	48232
19150	29	1	1	38254
19150	38	1	1	48303
19157	148	113	6	2158253
19157	149	66	6	1311396
19157	150	2	1	35204
19158	263	3	0	5160
19158	264	61	5	1318321
19158	265	1	1	32147
19161	112	62	3	1300641
19162	211	14	4	216486
19162	212	70	3	1245705
19162	213	66	16	1307851
19162	214	49	17	1118968
19164	266	1	1	11301
19166	243	1	1	48303
19168	284	57	4	684015
19171	127	58	3	1218164
19171	194	73	5	2360911
19175	244	1	1	11309
19176	2	1	1	38254
19180	279	4	4	183021
19180	281	4	4	183021
19181	12	2	1	12999
19181	24	2	1	13028
19181	28	2	1	24583
19181	40	2	1	12998
19181	195	4	4	183021
19181	210	1	1	38254
19181	225	1	1	38254
19181	232	3	3	144767
19182	12	2	1	12998
19182	24	2	1	13021
19182	27	2	1	24584
19182	39	2	1	13001
19185	234	48	4	69886
19185	235	4	1	37076
19187	1	1	1	48303
19187	9	1	1	48232
19187	28	1	1	38254
19187	34	1	1	48232
19187	239	3	3	33865
19187	256	1	1	31995
19187	257	8	2	204297
19188	119	43	2	461820
19188	163	144	9	3885395
19188	256	1	0	1720
19194	223	1	1	48232
19197	244	228	10	5199554
19197	261	2	2	96606
19198	55	1	1	48303
19200	222	1	1	48303
19202	0	62	2	1393009
19202	15	13	1	120595
19203	98	4	4	45165
19205	114	59	2	1306732
19206	66	1	1	48303
19206	273	1	1	11309
19207	111	58	3	1218223
19207	263	1	1	38254
19208	58	1	1	38254
19216	51	1	1	48303
19216	58	1	1	38254
19216	74	1	1	48232
19216	85	1	1	48232
19221	156	58	3	1154113
19221	157	3	2	118937
19224	195	33	4	480970
19224	216	76	9	941409
19224	219	1	0	50976
19224	227	1	0	13633
19224	241	30	2	395178
19224	242	1	1	31785
19224	277	5	1	49375
19224	278	1	0	26866
19224	281	1	0	1720
19225	5	1	0	948
19225	6	8	1	168228
19225	8	1	0	8025
19225	19	1	0	62576
19225	69	1	0	6108
19225	181	1	0	6296
19225	196	1	0	26358
19225	204	1	0	41828
19225	221	1	0	43541
19225	257	1	0	532
19226	181	6	1	85506
19226	205	4	1	43430
19227	57	1	0	45750
19227	220	1	0	5689
19228	12	1	1	31716
19228	87	1	0	6296
19228	182	1	0	18256
19228	201	13	2	209221
19228	226	2	0	7226
19228	237	1	0	31569
19228	286	1	0	10397
19229	139	2	1	37431
19229	274	25	1	358792
19229	285	1	1	48232
19230	134	104	4	2147385
19230	242	16	3	247379
19230	270	1	0	6516
19231	0	1	1	48303
19231	27	1	0	3363
19231	81	1	0	5685
19231	83	1	0	21360
19231	85	3	1	86463
19231	106	2	1	36866
19231	112	1	0	18257
19231	115	1	0	5684
19232	145	2	1	71221
19232	162	1	1	32105
19233	7	3	1	2328
19233	30	1	1	0
19233	133	1	0	5684
19233	139	1	0	5686
19233	258	2	1	38220
19234	20	2	1	37019
19234	84	1	0	5683
19234	130	3	1	55684
19234	152	1	1	31800
19234	159	3	1	55181
19234	165	1	1	31191
19234	199	57	3	1141111
19234	275	2	1	36909
19235	102	1	1	38254
19235	108	3	2	41707
19235	109	1	1	9660
19235	118	1	1	32014
19235	119	6	4	99609
19235	162	1	1	9660
19235	170	2	1	36836
19235	174	2	1	84522
19235	194	1	1	11282
19235	260	1	0	1720
19236	139	2	1	36734
19236	246	7	1	120151
19237	221	1	1	11301
19237	276	11	2	103954
19240	168	4	2	69978
19241	42	18	1	259521
19241	43	3	2	50914
19243	61	2	0	6472
19244	24	1	1	11309
19245	0	1	0	625504
19245	215	3	1	38260
19246	154	1	1	32183
19246	166	1	1	48232
19246	190	1	1	48303
19246	199	1	1	48232
19247	89	1	1	11309
19247	138	1	0	1720
19247	232	2	0	6473
19248	97	8	1	74037
19248	140	57	2	1144639
19248	172	1	1	32031
19248	185	6	4	122873
19248	229	26	4	436045
19250	40	5	2	68291
19250	194	1	1	11308
19251	223	1	0	17181
19252	263	3	1	36768
19254	174	5	1	74737
19255	149	1	0	41828
19255	180	1	1	11309
19255	210	57	3	1141176
19257	64	26	1	375754
19257	166	14	1	178599
19257	174	1	0	15166
19257	180	5	1	44428
19257	266	7	0	71185
19257	280	4	4	176950
19257	284	4	4	176950
19258	3	4	4	176950
19258	28	4	4	176950
19258	161	1	0	6895
19258	211	3	3	128718
19258	220	4	1	58847
19258	223	1	1	32183
19258	240	4	4	176950
19258	275	17	6	211608
19259	9	13	2	222261
19259	57	11	2	80544
19259	99	8	2	77843
19260	88	19	3	400872
19260	123	8	1	51994
19260	126	1	1	31861
19260	137	3	3	83722
19260	154	2	2	80486
19260	178	1	1	11309
19261	180	1	0	24
19262	41	10	2	106447
19263	57	1	0	5673
19263	104	1	0	5672
19265	182	1	1	11308
19267	139	12	1	135216
19267	174	11	2	229138
19267	227	1	1	11309
19267	234	10	1	226156
19269	86	18	2	193044
19269	184	2	0	14555
19269	278	4	2	53939
19269	279	4	4	82911
19270	195	1	1	11302
19273	235	1	0	24
19274	152	1	1	48232
19274	170	1	1	48232
19274	175	1	1	32183
19274	180	1	1	48303
19275	244	2	1	43551
19276	11	1	1	11308
1	1	0	0	0	27516349	0	0	27516349	0	0	2922	/public/backend/plugin/ckfinder/plugins/fileeditor/plugin.js?t=G9AD
1	1	0	0	0	27586824	0	0	27586824	0	0	4863	/backend/user/user/update/8
1	1	1	0	0	27748753	0	0	27748753	0	0	32117	/?debugbar_time=1664813600
1	74	0	0	0	27728252	0	0	27516344	0	0	3710699	/public/frontend/resources/fonts/riode.ttf?5gap68
1	0	0	3	0	0	27631536	0	0	27516363	0	0	/michelin
1	4	0	0	0	27586823	0	0	27516345	0	0	331664	/public/backend/js/plugins/codemirror/codemirror.js
1	1	1	0	0	27550896	0	0	27550896	0	0	27800	/?debugbar_time=1652942165
1	2	2	0	0	27733459	0	0	27733459	0	0	63304	/?debugbar_time=1663895971
1	1	1	0	0	27519566	0	0	27519566	0	0	32074	/?debugbar_time=1651062361
1	71	0	0	0	27745179	0	0	27516344	0	0	3379734	/public/frontend/resources/library/js/all.js
1	69	0	0	0	27747791	0	0	27516344	0	0	1252374	/public/frontend/resources/uikit/css/uikit.modify.css
1	0	0	0	1	0	0	27521406	0	0	27521406	0	/.well-known/pki-validation/B81F2B964DB1F1470B781BBF2ECBC4AF.txt?42.236.10.84
1	1	0	0	0	27516349	0	0	27516349	0	0	15470	/public/backend/plugin/ckfinder/core/connector/php/connector.php?command=Thumbnail&type=Images&currentFolder=/inan/&langCode=vi&hash=077511babd6574ae&FileName=lich-7-to-nep-giay-2020.jpg&fileHash=202201172214-94
1	3	0	0	0	27594350	0	0	27594350	0	0	99	/ajax/frontend/cart/get_price_ship
1	2	0	0	0	27594348	0	0	27550896	0	0	11340	/backend/product/brand/brand/index
1	1	1	0	0	27732895	0	0	27732895	0	0	31871	/?debugbar_time=1663862138
1	1	1	0	0	27732895	0	0	27732895	0	0	31703	/?debugbar_time=1663862137
1	2	0	0	0	27594348	0	0	27516349	0	0	368	/public/backend/plugin/ckeditor/plugins/scayt/skins/moono-lisa/scayt.css?t=L4KA
1	2	0	0	0	27594348	0	0	27550896	0	0	11836	/upload/thumb/Images/inan/logo-kia-0fec.jpg
1	0	0	0	121	0	0	27757499	0	0	27516344	0	/upload/image/favicon-32x32.png
1	1	0	0	0	27757222	0	0	27757222	0	0	11368	/favicon.ico?45.90.60.56
1	1	0	0	0	27550898	0	0	27550898	0	0	4178	/public/backend/css/plugins/slick/ajax-loader.gif
1	1	0	0	0	27516349	0	0	27516349	0	0	17889	/public/backend/plugin/ckfinder/core/connector/php/connector.php?command=Thumbnail&type=Images&currentFolder=/inan/&langCode=vi&hash=077511babd6574ae&FileName=BRP3_SNX_AUTO_21_9.jpg&fileHash=202204251349-18
1	1	0	0	0	27546453	0	0	27546453	0	0	17848	/public/frontend/resources/fonts/UTM_AvoBold.woff
1	72	0	0	0	27747791	0	0	27516344	0	0	1037811	/public/frontend/resources/uikit/js/uikit.min.js
1	1	0	0	0	27550896	0	0	27550896	0	0	9656	/public/backend/js/plugins/slick/slick.min.js
1	0	0	0	5	0	0	27747791	0	0	27737485	0	/?debugbar_time=1664064000
1	1	1	0	0	27517584	0	0	27517584	0	0	37571	/?debugbar_time=1650943436
1	2	2	0	0	27692414	0	0	27692414	0	0	63524	/?debugbar_time=1661433278
1	73	0	0	0	27728252	0	0	27516344	0	0	4413088	/upload/image/rr.png
1	3	0	0	0	27700538	0	0	27693171	0	0	17046	/kia
1	1	0	0	0	27650957	0	0	27650957	0	0	1060	/cPanel_magic_revision_1615494812/unprotected/cpanel/images/warning.png
1	2	2	0	0	27737485	0	0	27737485	0	0	62362	/?debugbar_time=1664137519
1	1	1	0	0	27630566	0	0	27630566	0	0	56160	/?debugbar_time=1657722369
1	6	0	0	0	27594339	0	0	27516345	0	0	26556	/public/backend/css/animate.css
1	0	0	0	1	0	0	27734395	0	0	27734395	0	/.env?91.199.212.132
1	1	0	0	0	27546455	0	0	27546455	0	0	98278	/public/frontend/resources/fonts/font-awesome-4.7.0/fonts/fontawesome-webfont.eot?
1	1	1	0	0	27588841	0	0	27588841	0	0	32144	/?debugbar_time=1655218911
1	1	1	0	0	27588841	0	0	27588841	0	0	32143	/?debugbar_time=1655218904
1	1	1	0	0	27691871	0	0	27691871	0	0	56417	/?debugbar_time=1661400698
1	1	1	0	0	27519611	0	0	27519611	0	0	31714	/?debugbar_time=1651065107
1	1	1	0	0	27588841	0	0	27588841	0	0	32180	/?debugbar_time=1655218892
1	1	1	0	0	27547999	0	0	27547999	0	0	32096	/?debugbar_time=1652768377
1	1	1	0	0	27519611	0	0	27519611	0	0	31952	/?debugbar_time=1651065086
1	1	0	0	0	27516349	0	0	27516349	0	0	15390	/public/backend/plugin/ckfinder/core/connector/php/connector.php?command=Thumbnail&type=Images&currentFolder=/inan/&langCode=vi&hash=077511babd6574ae&FileName=in-lich-tet-1-to.jpg&fileHash=202201172214-68
1	4	0	0	0	27586823	0	0	27516345	0	0	73992	/public/backend/css/plugins/codemirror/ambiance.css
1	1	0	0	0	27650957	0	0	27650957	0	0	22660	/cPanel_magic_revision_1616517441/unprotected/cpanel/fonts/open_sans/OpenSans-Regular-webfont.woff
1	4	0	0	0	27586823	0	0	27516345	0	0	142736	/public/backend/js/plugins/chartJs/Chart.min.js
1	1	0	0	0	27650883	0	0	27650883	0	0	205	/public/frontend/resources/uikit/css/components/accordion.min.css?91.199.212.132
1	0	0	0	12	0	0	27594352	0	0	27544047	0	/toastr.js.map
1	71	0	0	0	27728252	0	0	27516344	0	0	2670438	/upload/image/inan/logo-ferrari-inkythuatso-2-01-12-14-04-29.jpg
1	1	0	0	0	27516349	0	0	27516349	0	0	14779	/public/backend/plugin/ckfinder/core/connector/php/connector.php?command=Thumbnail&type=Images&currentFolder=/inan/&langCode=vi&hash=077511babd6574ae&FileName=in-lich-tet-thiet-ke-doc-quyen-hoa-sen (1).jpg&fileHash=202201172214-51
1	1	1	0	0	27630565	0	0	27630565	0	0	56323	/?debugbar_time=1657722318
1	2	2	0	0	27734841	0	0	27734841	0	0	61746	/?debugbar_time=1663978863
1	1	1	0	0	27691871	0	0	27691871	0	0	31936	/?debugbar_time=1661400662
1	1	1	0	0	27627576	0	0	27627576	0	0	31247	/?debugbar_time=1657542963
1	1	0	0	0	27516349	0	0	27516349	0	0	4592	/public/backend/plugin/ckfinder/plugins/imageresize/plugin.js?t=G9AD
1	1	1	0	0	27588840	0	0	27588840	0	0	32007	/?debugbar_time=1655218852
1	1	0	1	0	27594350	27594351	0	27594350	27594351	0	8321	/dat-hang
1	4	0	0	0	27586823	0	0	27516345	0	0	13580	/public/backend/plugin/simplepicker-main/dist/simplepicker.js
1	1	1	0	0	27550892	0	0	27550892	0	0	27815	/?debugbar_time=1652941921
1	48	0	0	0	27728252	0	0	27516344	0	0	25004	/public/frontend/resources/img/footer_facebook.png
1	1	1	0	0	27519586	0	0	27519586	0	0	31785	/?debugbar_time=1651063572
1	96	0	0	0	27728252	0	0	27516344	0	0	163400	/upload/image/logo/header_logo.png
1	1	0	0	0	27550896	0	0	27550896	0	0	490	/public/backend/css/plugins/slick/slick.css
1	2	0	0	0	27594348	0	0	27516349	0	0	2238	/public/backend/plugin/ckeditor/contents.css?t=L4KA
1	1	0	0	0	27650957	0	0	27650957	0	0	1026	/cPanel_magic_revision_1615494812/unprotected/cpanel/images/notice-error.png
1	2	0	0	0	27594348	0	0	27550896	0	0	21622	/upload/thumb/Images/inan/logo-hyundai.jpg
1	1	0	0	0	27516349	0	0	27516349	0	0	266	/public/backend/plugin/ckfinder/skins/kama/images/toolbar/add.gif
1	1	0	0	0	27516349	0	0	27516349	0	0	177	/public/backend/plugin/ckfinder/skins/kama/images/icons/32/default.icon.gif
1	1	0	0	0	27594350	0	0	27594350	0	0	5691	/may-bom-nuoc
1	2	0	0	0	27594348	0	0	27516349	0	0	3274	/public/backend/plugin/ckeditor/styles.js?t=L4KA
1	71	0	0	0	27745650	0	0	27516344	0	0	73656	/public/frontend/resources/library/css/carousel.css
1	1	1	0	0	27516716	0	0	27516716	0	0	32417	/?debugbar_time=1650891389
1	4	0	0	0	27586823	0	0	27516345	0	0	8512	/public/backend/js/inspinia.js
1	0	0	0	1	0	0	27586829	0	0	27586829	0	/public/backend/img/not-found.png
1	72	0	0	0	27733459	0	0	27516344	0	0	69548	/public/frontend/resources/uikit/js/components/accordion.min.js
1	0	0	0	4	0	0	27516233	0	0	27509696	0	/?198.23.148.146
1	1	0	0	0	27516349	0	0	27516349	0	0	292	/public/backend/plugin/ckfinder/config.js?t=G9AD
1	39	0	0	0	27691871	0	0	27516345	0	0	1086483	/public/frontend/resources/fonts/riode.woff?5gap68
1	1	1	0	0	27630564	0	0	27630564	0	0	31995	/?debugbar_time=1657722252
1	73	0	0	0	27728252	0	0	27516344	0	0	3443728	/upload/image/logo-xe-ford.jpg
1	1	1	0	0	27698338	0	0	27698338	0	0	31224	/?debugbar_time=1661788658
1	4	0	0	0	27586823	0	0	27516345	0	0	38092	/public/backend/js/bootstrap.min.js
1	1	0	0	0	27546453	0	0	27546453	0	0	18720	/public/frontend/resources/fonts/UTM_AvoItalic.woff
1	1	0	0	0	27516349	0	0	27516349	0	0	123	/public/backend/plugin/ckfinder/skins/kama/images/toolbar/maximize.gif
1	4	0	0	0	27586823	0	0	27516345	0	0	31612	/public/backend/plugin/jquery-ui.css
1	1	1	0	0	27550828	0	0	27550828	0	0	27897	/?debugbar_time=1652938126
1	0	0	0	1	0	0	27511151	0	0	27511151	0	/?151.106.120.184
1	2	2	0	0	27720203	0	0	27720203	0	0	62380	/?debugbar_time=1663100609
1	1	1	0	0	27550828	0	0	27550828	0	0	24889	/?debugbar_time=1652938123
1	4	0	0	0	27586823	0	0	27516345	0	0	5432	/public/backend/css/plugins/daterangepicker/daterangepicker-bs3.css
1	1	0	0	0	27516349	0	0	27516349	0	0	605	/public/backend/plugin/ckfinder/core/connector/php/connector.php?command=Init
1	5	0	0	0	27689754	0	0	27516345	0	0	51985	/upload/image/san-pham/con-dau-goc-van/26b52a88716746feaa389e6120e9ab5d.jpg
1	1	1	0	0	27550828	0	0	27550828	0	0	32041	/?debugbar_time=1652938114
1	0	0	0	27	0	0	27521406	0	0	27519586	0	/.well-known/pki-validation/B81F2B964DB1F1470B781BBF2ECBC4AF.txt
1	5	0	0	0	27594352	0	0	27550904	0	0	38950	/public/backend/plugin/simplepicker-main/dist/simplepicker.css.map
1	1	1	0	0	27546455	0	0	27546455	0	0	31732	/?debugbar_time=1652675741
1	1	0	0	0	27594339	0	0	27594339	0	0	1227	/admin?91.199.212.132
1	2	0	0	0	27594348	0	0	27550896	0	0	4854	/upload/thumb/Images/san-pham/valve-cover-gasket.jpg
1	36	0	0	0	27594348	0	0	27516345	0	0	1899	/ajax/product/update_price
1	4	0	0	0	27586823	0	0	27516345	0	0	19920	/public/backend/js/plugins/sweetalert/sweetalert.min.js
1	1	1	0	0	27728252	0	0	27728252	0	0	32052	/?debugbar_time=1663583519
1	4	0	0	0	27586823	0	0	27516345	0	0	8840	/public/backend/library/ckfinder.js
1	69	0	0	0	27747791	0	0	27516344	0	0	747951	/public/frontend/resources/plugins/OwlCarousel2-2.3.4/dist/owl.carousel.min.js
1	3	0	0	0	27695558	0	0	27689328	0	0	6912	/public/frontend/resources/plugins/timeago.js
1	0	0	0	17	0	0	27594352	0	0	27516345	0	/upload/image/admin/158967678_1544377955951724_1034961039485239859_n.jpg
1	1	1	0	0	27546455	0	0	27546455	0	0	32048	/?debugbar_time=1652675727
1	74	0	0	0	27747791	0	0	27516344	0	0	428275	/public/frontend/resources/library/js/system.js
1	1	0	0	0	27516363	0	0	27516363	0	0	8009	/thanh-phan
1	1	1	0	0	27745650	0	0	27745650	0	0	31146	/?debugbar_time=1664627430
1	1	0	0	0	27594351	0	0	27594351	0	0	1776	/dat-hang-thanh-cong?token=NDQ=
1	1	1	0	0	27528863	0	0	27528863	0	0	31717	/?debugbar_time=1651620180
1	2	2	0	0	27627573	0	0	27627573	0	0	64096	/?debugbar_time=1657542835
1	1	0	0	3	27520724	0	27520724	27520724	0	27520724	12291	/.DS_Store
1	1	1	0	0	27522076	0	0	27522076	0	0	31721	/?debugbar_time=1651212987
1	16	0	0	0	27691871	0	0	27516347	0	0	1130243	/public/frontend/resources/fonts/font-awesome-4.7.0/fonts/fontawesome-webfont.ttf?v=4.7.0
1	1	1	0	0	27733007	0	0	27733007	0	0	31001	/?debugbar_time=1663868815
1	4	0	0	0	27724197	0	0	27693049	0	0	22740	/lexus
1	1	1	0	0	27546455	0	0	27546455	0	0	37468	/?debugbar_time=1652675702
1	4	0	0	0	27586823	0	0	27516345	0	0	363864	/public/backend/plugin/ckfinder/ckfinder.js
1	1	1	0	0	27519606	0	0	27519606	0	0	31808	/?debugbar_time=1651064799
1	3	0	0	0	27594348	0	0	27516345	0	0	28140	/upload/thumb/Images/language/anh.png
1	1	1	0	0	27517084	0	0	27517084	0	0	31828	/?debugbar_time=1650913481
1	4	0	0	0	27586823	0	0	27516345	0	0	7252	/public/backend/plugin/select2/dist/css/select2.min.css
1	1	1	0	0	27735019	0	0	27735019	0	0	31144	/?debugbar_time=1663989544
1	1	1	0	0	27522077	0	0	27522077	0	0	32101	/?debugbar_time=1651213049
1	6	0	0	0	27692414	0	0	27516363	0	0	34015	/accord-hybrid
1	1	1	0	0	27522077	0	0	27522077	0	0	31274	/?debugbar_time=1651213045
1	1	1	0	0	27522077	0	0	27522077	0	0	31740	/?debugbar_time=1651213041
1	2	0	0	0	27745650	0	0	27737485	0	0	11342	/porsche?91.199.212.132
1	4	0	0	0	27586823	0	0	27516345	0	0	6972	/public/backend/js/plugins/slimscroll/jquery.slimscroll.min.js
1	1	1	0	0	27522077	0	0	27522077	0	0	31776	/?debugbar_time=1651213038
1	1	0	0	0	27516349	0	0	27516349	0	0	7086	/public/backend/plugin/ckfinder/skins/kama/images/sprites.png
1	1	0	0	0	27687167	0	0	27687167	0	0	45750	/upload/image/inan/y-nghia-logo-xe-ford.jpg?91.199.212.132
1	1	0	0	0	27516349	0	0	27516349	0	0	12515	/public/backend/plugin/ckfinder/core/connector/php/connector.php?command=Thumbnail&type=Images&currentFolder=/inan/&langCode=vi&hash=077511babd6574ae&FileName=banner-in-lich-tet-2020.jpg&fileHash=202201172214-46
1	2	2	0	0	27733245	0	0	27732621	0	0	63014	/?debugbar_time=1663845687
1	2	2	0	0	27683644	0	0	27683644	0	0	63257	/?debugbar_time=1660907054
1	2	0	0	0	27594348	0	0	27516349	0	0	25066	/public/backend/plugin/ckeditor/skins/moono-lisa/icons.png?t=cae20318d4
1	1	0	1	0	27586829	27586830	0	27586829	27586830	0	5419	/backend/user/profile/profile/26
1	2	0	0	0	27594348	0	0	27516349	0	0	11544	/public/backend/plugin/ckeditor/skins/moono-lisa/editor.css?t=L4KA
1	1	0	0	0	27516349	0	0	27516349	0	0	236	/public/backend/plugin/ckfinder/skins/kama/images/toolbar/settings.gif
1	1	1	0	0	27655772	0	0	27655772	0	0	31864	/?debugbar_time=1659234762
1	0	0	0	2	0	0	27686484	0	0	27686371	0	/.well-known/assetlinks.json
1	7	0	0	0	27594351	0	0	27550899	0	0	35058	/backend/bill/bill/index
1	1	1	0	0	27686347	0	0	27686347	0	0	65438	/?debugbar_time=1661069194
1	1	1	0	0	27546453	0	0	27546453	0	0	37345	/?debugbar_time=1652675618
1	1	0	0	0	27754296	0	0	27754296	0	0	24	/robots.txt?45.90.60.56
1	1	0	0	0	27516349	0	0	27516349	0	0	201	/public/backend/plugin/ckfinder/core/connector/php/connector.php?command=GetFolders&type=Images&currentFolder=/&langCode=vi&hash=077511babd6574ae
1	1	0	0	0	27516349	0	0	27516349	0	0	170	/public/backend/plugin/ckfinder/skins/kama/images/toolbar/view.gif
1	75	0	0	0	27732895	0	0	27516344	0	0	3044384	/upload/image/logo-audi.jpg
1	2	0	0	0	27745178	0	0	27696186	0	0	11367	/toyota
1	0	0	1	0	0	27735153	0	0	27735153	0	0	/upload/image/logo
1	71	0	0	0	27728252	0	0	27516344	0	0	235410	/upload/image/san-pham/water-pump.jpg
1	5	0	0	0	27733459	0	0	27710229	0	0	32243	/cac-phu-kien-honda-pho-bien-khac
1	5	0	0	0	27691871	0	0	27627575	0	0	780	/ajax/frontend/cart/show
1	4	0	0	0	27586823	0	0	27516345	0	0	9216	/public/backend/plugin/timeago.js
1	1	0	0	0	27516349	0	0	27516349	0	0	673	/public/backend/plugin/ckfinder/skins/kama/images/loaders/16x16.gif
1	1	0	0	0	27516363	0	0	27516363	0	0	7973	/cr-v-hybrid
1	8	0	0	0	27691871	0	0	27594350	0	0	62398	/civic
1	1	1	0	0	27679025	0	0	27679025	0	0	32117	/?debugbar_time=1660629939
1	2	2	0	0	27695674	0	0	27695558	0	0	0	/?debugbar_time=1661471940
1	2	0	0	0	27594348	0	0	27550896	0	0	6726	/upload/thumb/Images/san-pham/water-pump.jpg
1	1	0	0	0	27550900	0	0	27550900	0	0	648	/public/backend/library/module/voucher.js
1	1	1	0	0	27546452	0	0	27546452	0	0	32029	/?debugbar_time=1652675563
1	1	0	0	0	27516349	0	0	27516349	0	0	2673	/public/backend/plugin/ckfinder/skins/kama/host.css?t=G9AD
1	72	0	0	0	27728252	0	0	27516344	0	0	954310	/upload/image/inan/logo-bmw-2863.png
1	1	0	0	0	27650957	0	0	27650957	0	0	22432	/cPanel_magic_revision_1616517441/unprotected/cpanel/fonts/open_sans/OpenSans-Bold-webfont.woff
1	69	0	0	0	27745650	0	0	27516344	0	0	3609416	/public/frontend/resources/library/css/riode.css
1	4	0	0	0	27586823	0	0	27516345	0	0	14812	/public/backend/js/plugins/nestable/jquery.nestable.js
1	1	1	0	0	27698995	0	0	27698995	0	0	31954	/?debugbar_time=1661828141
1	1	1	0	0	27698995	0	0	27698995	0	0	31812	/?debugbar_time=1661828140
1	2	0	0	0	27693203	0	0	27689231	0	0	36513	/honda-36220-ph4-663lap-rap-van-c-solenoid-tan-so
1	1	0	0	0	27516349	0	0	27516349	0	0	3630	/public/backend/plugin/ckfinder/skins/kama/images/loaders/32x32.gif?t=G9AD
1	1	0	0	0	27516349	0	0	27516349	0	0	10152	/public/backend/plugin/ckfinder/core/connector/php/connector.php?command=Thumbnail&type=Images&currentFolder=/inan/&langCode=vi&hash=077511babd6574ae&FileName=in-lich-de-ban-dep.jpg&fileHash=202201172214-36
1	3	0	0	0	27720203	0	0	27697063	0	0	17045	/ford
1	0	0	0	32	0	0	27734841	0	0	27693171	0	/?debugbar_time=1661472000
1	70	0	0	0	27728252	0	0	27516344	0	0	2558796	/upload/image/inan/logo-lexus.jpg
1	1	1	0	0	27730403	0	0	27730403	0	0	31070	/?debugbar_time=1663712590
1	4	0	0	0	27586823	0	0	27516345	0	0	264408	/public/backend/js/plugins/jquery-ui/jquery-ui.min.js
1	1	1	0	0	27683641	0	0	27683641	0	0	31986	/?debugbar_time=1660906827
1	1	0	0	0	27594350	0	0	27594350	0	0	126	/ajax/frontend/cart/insert
1	1	0	0	0	27525285	0	0	27525285	0	0	1813	/public/frontend/resources/plugins/select2/dist/css/select2.min.css?42.236.10.84
1	1	1	0	0	27697610	0	0	27697610	0	0	31831	/?debugbar_time=1661659615
1	1	1	0	0	27550909	0	0	27550909	0	0	26551	/?debugbar_time=1652942961
1	71	0	0	0	27747791	0	0	27516344	0	0	887640	/public/frontend/resources/library/js/main.min.js
1	73	0	0	0	27728252	0	0	27516344	0	0	3063488	/upload/image/logo-kia.jpg
1	5	0	0	0	27594352	0	0	27550904	0	0	178600	/public/backend/plugin/simplepicker-main/dist/simplepicker.js.map
1	1	1	0	0	27747791	0	0	27747791	0	0	31130	/?debugbar_time=1664755885
1	2	0	0	0	27594348	0	0	27550896	0	0	35510	/upload/thumb/Images/inan/logo-ferrari-inkythuatso-2-01-12-14-04-29.jpg
1	1	1	0	0	27516692	0	0	27516692	0	0	31758	/?debugbar_time=1650889971
1	1	0	0	0	27698337	0	0	27698337	0	0	5685	/lexus?91.199.212.132
1	8	0	2	0	27594352	27594349	0	27516345	27594348	0	9807	/admin
1	2	0	0	0	27594348	0	0	27516349	0	0	240	/public/backend/plugin/ckeditor/plugins/dialog/styles/dialog.css
1	1	0	0	0	27650957	0	0	27650957	0	0	2399	/cPanel_magic_revision_1615494812/unprotected/cpanel/images/webmail-logo.svg
1	1	1	0	0	27529358	0	0	27529358	0	0	32046	/?debugbar_time=1651649935
1	1	1	0	0	27524628	0	0	27524628	0	0	31898	/?debugbar_time=1651366067
1	3	0	0	27	27622219	0	27754296	27511417	0	27511317	36889	/favicon.ico
1	1	1	0	0	27516692	0	0	27516692	0	0	31860	/?debugbar_time=1650889956
1	1	1	0	0	27745354	0	0	27745354	0	0	30898	/?debugbar_time=1664609671
1	1	0	0	0	27693059	0	0	27693059	0	0	21360	/honda-30110-pa1-732o-ring-26-4x3-1-tec
1	6	0	0	0	27594339	0	0	27516345	0	0	51660	/public/backend/css/customize.css
1	1	1	0	0	27735033	0	0	27735033	0	0	31861	/?debugbar_time=1663827991
1	1	0	0	0	27516349	0	0	27516349	0	0	27	/public/backend/plugin/ckfinder/core/connector/php/connector.php?command=FileUpload&type=Images&currentFolder=/inan/&langCode=vi&hash=077511babd6574ae&response_type=txt
1	2	0	0	0	27516349	0	0	27516349	0	0	1188	/public/backend/plugin/ckfinder/core/connector/php/connector.php?command=GetFiles&type=Images&currentFolder=/inan/&langCode=vi&hash=077511babd6574ae
1	1	1	0	0	27516354	0	0	27516354	0	0	32163	/?debugbar_time=1650869690
1	5	0	0	0	27594339	0	0	27516345	0	0	29385	/public/backend/css/patterns/header-profile.png
1	1	1	0	0	27516354	0	0	27516354	0	0	31758	/?debugbar_time=1650869688
1	1	1	0	0	27516692	0	0	27516692	0	0	31871	/?debugbar_time=1650889926
1	1	1	0	0	27546450	0	0	27546450	0	0	31811	/?debugbar_time=1652675437
1	1	1	0	0	27516354	0	0	27516354	0	0	32095	/?debugbar_time=1650869684
1	1	1	0	0	27594352	0	0	27594352	0	0	28011	/?debugbar_time=1655549541
1	1	1	0	0	27546450	0	0	27546450	0	0	32038	/?debugbar_time=1652675435
1	76	0	0	0	27747791	0	0	27516344	0	0	1532610	/public/frontend/resources/library/css/general.css
1	1	0	0	0	27516349	0	0	27516349	0	0	11413	/public/backend/plugin/ckfinder/core/connector/php/connector.php?command=Thumbnail&type=Images&currentFolder=/inan/&langCode=vi&hash=077511babd6574ae&FileName=in-lich-thiet-ke-doc-quyen.jpg&fileHash=202201172214-45
1	1	1	0	0	27594352	0	0	27594352	0	0	25005	/?debugbar_time=1655549532
1	1	1	0	0	27516692	0	0	27516692	0	0	31827	/?debugbar_time=1650889915
1	0	0	0	7	0	0	27594347	0	0	27544047	0	/public/frontend/resources/library/css/all_css.min.css.map
1	1	1	0	0	27594352	0	0	27594352	0	0	32310	/?debugbar_time=1655549528
1	0	0	0	4	0	0	27631316	0	0	27627576	0	/public/frontend/resources/library/img/bg-breadcrumb.png
1	1	1	0	0	27516899	0	0	27516899	0	0	32330	/?debugbar_time=1650902370
1	2	0	0	0	27594348	0	0	27550896	0	0	12452	/upload/thumb/Images/inan/logo-lexus.jpg
1	79	79	0	0	27747791	0	0	27516344	0	0	95866	/?debugbar
1	1	1	0	0	27516512	0	0	27516512	0	0	32038	/?debugbar_time=1650879152
1	1	1	0	0	27519555	0	0	27519555	0	0	31763	/?debugbar_time=1651061708
1	1	0	0	0	27594350	0	0	27594350	0	0	5691	/may-phat-dien
1	16	0	0	0	27691871	0	0	27516347	0	0	873595	/public/frontend/resources/fonts/font-awesome-4.7.0/fonts/fontawesome-webfont.woff?v=4.7.0
1	72	0	0	0	27728252	0	0	27516344	0	0	561750	/upload/image/inan/t%E1%BA%A3i xu%E1%BB%91ng.png
1	0	0	2	0	0	27631536	0	0	27516363	0	0	/huyndai
1	74	0	0	0	27747791	0	0	27516344	0	0	129619	/public/frontend/resources/uikit/js/components/sticky.min.js
1	2	0	0	0	27594348	0	0	27516349	0	0	802	/public/backend/plugin/ckeditor/plugins/tableselection/styles/tableselection.css
1	1	1	0	0	27697786	0	0	27697786	0	0	31191	/?debugbar_time=1661731308
1	69	0	0	0	27747791	0	0	27516344	0	0	14755	/public/frontend/resources/uikit/css/components/accordion.min.css
1	1	0	0	0	27546453	0	0	27546453	0	0	16318	/public/frontend/resources/fonts/fontawesome-free-5.15.4-web/webfonts/fa-regular-400.eot?
1	1	1	0	0	27594351	0	0	27594351	0	0	27094	/?debugbar_time=1655549485
1	2	0	0	0	27594348	0	0	27550896	0	0	17606	/upload/thumb/Images/inan/y-nghia-logo-xe-ford.jpg
1	1	1	0	0	27519601	0	0	27519601	0	0	31825	/?debugbar_time=1651064506
1	1	1	0	0	27594351	0	0	27594351	0	0	27147	/?debugbar_time=1655549478
1	1	0	0	0	27550898	0	0	27550898	0	0	1380	/public/backend/css/plugins/slick/fonts/slick.woff
1	1	0	0	0	27516349	0	0	27516349	0	0	198	/public/backend/plugin/ckfinder/core/connector/php/connector.php?command=GetFiles&type=Images&currentFolder=/banner/&langCode=vi&hash=077511babd6574ae
1	2	0	0	0	27594348	0	0	27550896	0	0	22560	/upload/thumb/Images/inan/logo-honda-vector-inkythuatso-01-25-15-04-04.jpg
1	1	1	0	0	27594351	0	0	27594351	0	0	29851	/?debugbar_time=1655549468
1	1	0	0	0	27679022	0	0	27679022	0	0	12997	/cpanel
1	1	0	0	0	27550921	0	0	27550921	0	0	5625	/tim-kiem?keyword=voucher
1	1	0	0	0	27650957	0	0	27650957	0	0	22908	/cPanel_magic_revision_1616517441/unprotected/cpanel/fonts/open_sans/OpenSans-Semibold-webfont.woff
1	1	0	0	0	27650957	0	0	27650957	0	0	32591	/cPanel_magic_revision_1630426761/unprotected/cpanel/style_v2_optimized.css
1	2	0	0	0	27550899	0	0	27550896	0	0	4253	/backend/bill/bill/detail/43
1	0	0	0	5	0	0	27550899	0	0	27550896	0	/public/backend/plugin/ckeditor5/build/ckeditor.js
1	1	0	0	0	27546453	0	0	27546453	0	0	102693	/public/frontend/resources/fonts/fontawesome-free-5.15.4-web/webfonts/fa-solid-900.eot?
1	1	0	0	0	27516349	0	0	27516349	0	0	136	/public/backend/plugin/ckfinder/skins/kama/images/ckffolderopened.gif?t=G9AD
1	1	1	0	0	27724197	0	0	27724197	0	0	31059	/?debugbar_time=1663340254
1	0	0	8	0	0	27594352	0	0	27516345	0	0	/backend/authentication/auth/login
1	71	0	0	0	27728252	0	0	27516344	0	0	1880620	/upload/image/san-pham/e73d0372905a060189104db676146cff.jpg
1	1	1	0	0	27594350	0	0	27594350	0	0	30913	/?debugbar_time=1655549455
1	1	1	0	0	27592402	0	0	27592402	0	0	31896	/?debugbar_time=1655432524
1	1	0	0	0	27516349	0	0	27516349	0	0	80	/public/backend/plugin/ckfinder/skins/kama/images/ckfminus.gif
1	1	0	0	0	27550896	0	0	27550896	0	0	740	/public/backend/css/plugins/slick/slick-theme.css
1	1	1	0	0	27550906	0	0	27550906	0	0	25805	/?debugbar_time=1652942792
1	5	0	0	0	27550920	0	0	27550900	0	0	26123	/backend/product/voucher/index
1	1	1	0	0	27718048	0	0	27718048	0	0	31653	/?debugbar_time=1662971317
1	1	1	0	0	27594350	0	0	27594350	0	0	30924	/?debugbar_time=1655549440
1	1	1	0	0	27718048	0	0	27718048	0	0	31850	/?debugbar_time=1662971316
1	1	1	0	0	27592401	0	0	27592401	0	0	31846	/?debugbar_time=1655432510
1	37	0	0	0	27691871	0	0	27516344	0	0	2545109	/public/frontend/resources/fonts/font-awesome-4.7.0/fonts/fontawesome-webfont.woff2?v=4.7.0
1	6	0	0	0	27594339	0	0	27516345	0	0	109632	/public/backend/css/bootstrap.min.css
1	3	0	0	0	27526788	0	0	27519555	0	0	1326	/public/frontend/resources/uikit/css/components/slideshow.min.css?42.236.10.84
1	1	1	0	0	27594350	0	0	27594350	0	0	56291	/?debugbar_time=1655549431
1	1	1	0	0	27525285	0	0	27525285	0	0	31711	/?debugbar_time=1651405534
1	2	2	0	0	27522481	0	0	27519184	0	0	22616	/?42.236.10.84
1	14	0	0	0	27594352	0	0	27516345	0	0	96401	/backend/dashboard/dashboard/index
1	1	1	0	0	27594350	0	0	27594350	0	0	32119	/?debugbar_time=1655549426
1	1	1	0	0	27594350	0	0	27594350	0	0	31478	/?debugbar_time=1655549424
1	1	1	0	0	27519600	0	0	27519600	0	0	31820	/?debugbar_time=1651064437
1	3	0	0	0	27594348	0	0	27516345	0	0	1876512	/upload/image/bruno-kelzer-Dw6tBa20afk-unsplash.jpg
1	67	0	0	0	27747791	0	0	27516344	0	0	178535	/public/backend/css/plugins/toastr/toastr.min.css
1	1	1	0	0	27606876	0	0	27606876	0	0	31881	/?debugbar_time=1656301004
1	1	0	0	0	27516349	0	0	27516349	0	0	11013	/public/backend/plugin/ckfinder/core/connector/php/connector.php?command=Thumbnail&type=Images&currentFolder=/inan/&langCode=vi&hash=077511babd6574ae&FileName=logo-bmw-2863.png&fileHash=202203211203-13
1	2	0	2	0	27550906	27550909	0	27550900	27550903	0	7330	/backend/product/voucher/create
1	1	1	0	0	27594350	0	0	27594350	0	0	32186	/?debugbar_time=1655549417
1	1	0	0	0	27650957	0	0	27650957	0	0	320	/cPanel_magic_revision_1615494812/unprotected/cpanel/images/icon-username.png
1	1	1	0	0	27693171	0	0	27693171	0	0	31185	/?debugbar_time=1661478706
1	1	1	0	0	27594350	0	0	27594350	0	0	31357	/?debugbar_time=1655549415
1	4	0	0	0	27586823	0	0	27516345	0	0	3044	/public/backend/js/plugins/gritter/jquery.gritter.css
1	0	0	0	2	0	0	27546455	0	0	27546453	0	/public/frontend/resources/library/fonts/Poppins/SVN-Poppins Regular.ttf
1	1	1	0	0	27594349	0	0	27594349	0	0	27808	/?debugbar_time=1655549398
1	1	1	0	0	27594350	0	0	27594350	0	0	27046	/?debugbar_time=1655549406
1	1	1	0	0	27594349	0	0	27594349	0	0	32189	/?debugbar_time=1655549395
1	1	1	0	0	27594349	0	0	27594349	0	0	32189	/?debugbar_time=1655549391
1	1	1	0	0	27594349	0	0	27594349	0	0	32271	/?debugbar_time=1655549388
1	1	0	0	0	27546453	0	0	27546453	0	0	19136	/public/frontend/resources/fonts/UTM_AvoBold_Italic.woff
1	73	0	0	0	27728252	0	0	27516344	0	0	433668	/upload/image/bmw.png
1	1	1	0	0	27679020	0	0	27679020	0	0	31993	/?debugbar_time=1660629650
1	4	0	0	0	27586823	0	0	27516345	0	0	6040	/public/backend/plugin/simplepicker-main/dist/simplepicker.css
1	1	0	0	0	27650957	0	0	27650957	0	0	521	/cPanel_magic_revision_1616517441/unprotected/cpanel/fonts/open_sans/open_sans.min.css
1	2	0	0	0	27594348	0	0	27550896	0	0	22026	/upload/thumb/Images/inan/logo-bmw-2863.png
1	1	1	0	0	27690459	0	0	27690459	0	0	31760	/?debugbar_time=1661315976
1	2	2	0	0	27697722	0	0	27696812	0	0	63584	/?debugbar_time=1661697121
1	2	2	0	0	27706444	0	0	27706444	0	0	63482	/?debugbar_time=1662275008
1	1	1	0	0	27607213	0	0	27607213	0	0	31917	/?debugbar_time=1656321184
1	1	0	0	0	27650957	0	0	27650957	0	0	962	/cPanel_magic_revision_1615494812/unprotected/cpanel/images/notice-success.png
1	1	0	0	0	27650957	0	0	27650957	0	0	976	/cPanel_magic_revision_1615494812/unprotected/cpanel/images/notice-info.png
1	4	0	0	0	27586823	0	0	27516345	0	0	8236	/public/backend/css/plugins/codemirror/codemirror.css
1	1	1	0	0	27717983	0	0	27717983	0	0	32031	/?debugbar_time=1662967402
1	1	1	0	0	27683770	0	0	27683770	0	0	31785	/?debugbar_time=1660914574
1	4	0	0	0	27586823	0	0	27516345	0	0	1960	/public/backend/plugin/Select-All-Checkboxes-jQuery-checkboxAll/jquery.checkboxall-1.0.min.js
1	1	0	0	0	27516349	0	0	27516349	0	0	215	/public/backend/plugin/ckfinder/skins/kama/images/toolbar/help.gif
1	9	0	0	0	27631537	0	0	27517084	0	0	157032	/public/frontend/resources/fonts/UTM_Avo.woff
1	0	0	0	21	0	0	27550920	0	0	27550900	0	/ajax/product/update_price_voucher
1	0	0	1	0	0	27603342	0	0	27603342	0	0	/z0f76a1d14fd21a8fb5fd0d03e0fdc3d3cedae52f?wsidchk=24144595
1	1	1	0	0	27550904	0	0	27550904	0	0	26504	/?debugbar_time=1652942690
1	73	0	0	0	27728252	0	0	27516344	0	0	1871418	/upload/image/logo-hyundai.jpg
1	1	1	0	0	27550904	0	0	27550904	0	0	26132	/?debugbar_time=1652942681
1	0	0	0	2	0	0	27546455	0	0	27546453	0	/public/frontend/resources/library/css/fonts/riode.eot?5gap68
1	1	1	0	0	27594348	0	0	27594348	0	0	27195	/?debugbar_time=1655549329
1	1	0	0	0	27516349	0	0	27516349	0	0	17269	/public/backend/plugin/ckfinder/core/connector/php/connector.php?command=Thumbnail&type=Images&currentFolder=/inan/&langCode=vi&hash=077511babd6574ae&FileName=lich-ghim-giua-7-to-cay-xanh.jpg&fileHash=202201172214-132
1	4	0	0	0	27586823	0	0	27516345	0	0	117872	/public/backend/js/jquery-3.1.1.min.js
1	68	0	0	0	27748753	0	0	27516344	0	0	31006	/public/frontend/resources/uikit/css/components/slideshow.min.css
1	1	1	0	0	27516462	0	0	27516462	0	0	32329	/?debugbar_time=1650876129
1	1	1	0	0	27516705	0	0	27516705	0	0	31985	/?debugbar_time=1650890708
1	1	1	0	0	27594348	0	0	27594348	0	0	59333	/?debugbar_time=1655549324
1	1	1	0	0	27594348	0	0	27594348	0	0	27040	/?debugbar_time=1655549321
1	2	2	0	0	27698993	0	0	27698941	0	0	64037	/?debugbar_time=1661824883
1	1	1	0	0	27594348	0	0	27594348	0	0	27872	/?debugbar_time=1655549315
1	1	1	0	0	27594348	0	0	27594348	0	0	27718	/?debugbar_time=1655549305
1	1	1	0	0	27594348	0	0	27594348	0	0	32194	/?debugbar_time=1655549289
1	1	1	0	0	27650883	0	0	27650883	0	0	31820	/?debugbar_time=1658941384
1	2	0	0	0	27594348	0	0	27516349	0	0	1154	/public/backend/plugin/ckeditor/plugins/copyformatting/styles/copyformatting.css
1	1	1	0	0	27683949	0	0	27683949	0	0	31669	/?debugbar_time=1660925353
1	1	1	0	0	27607211	0	0	27607211	0	0	32101	/?debugbar_time=1656321087
1	48	0	0	0	27728252	0	0	27516344	0	0	427324	/public/frontend/resources/img/footer_payment_options.png
1	74	0	0	0	27745179	0	0	27516344	0	0	2780312	/public/frontend/resources/library/js/jquery.js
1	9	0	0	0	27717822	0	0	27516389	0	0	79344	/public/frontend/resources/fonts/fontawesome-free-5.15.4-web/webfonts/fa-regular-400.woff2
1	8	0	0	0	27748284	0	0	27516556	0	0	192	/robots.txt
1	1	0	0	0	27516349	0	0	27516349	0	0	159	/public/backend/plugin/ckfinder/skins/kama/images/ckffolder.gif?t=G9AD
1	11	0	0	0	27730951	0	0	27516345	0	0	151660	/upload/image/san-pham/con-dau-goc-van/2e8aa305f83325e7b8f7bef06c50bb81.png
1	2	2	0	0	27697758	0	0	27697063	0	0	62665	/?debugbar_time=1661712191
1	1	0	0	0	27516349	0	0	27516349	0	0	159	/public/backend/plugin/ckfinder/skins/kama/images/ckffolder.gif
1	1	1	0	0	27691134	0	0	27691134	0	0	31746	/?debugbar_time=1661356429
1	1	1	0	0	27516389	0	0	27516389	0	0	31769	/?debugbar_time=1650871765
1	1	1	0	0	27607211	0	0	27607211	0	0	31613	/?debugbar_time=1656321068
1	0	0	0	1	0	0	27594340	0	0	27594340	0	/mailbox.html
1	1	1	0	0	27550903	0	0	27550903	0	0	26574	/?debugbar_time=1652942596
1	1	0	0	0	27739006	0	0	27739006	0	0	5673	/porsche?66.249.71.50
1	5	0	0	0	27586823	0	0	27516345	0	0	137110	/public/backend/css/style.css
1	1	1	0	0	27519573	0	0	27519573	0	0	31753	/?debugbar_time=1651062790
1	71	0	0	0	27747791	0	0	27516344	0	0	58875	/public/frontend/resources/plugins/lazyload.min.js
1	1	0	0	0	27655772	0	0	27655772	0	0	442	/public/frontend/resources/uikit/css/components/slideshow.min.css?91.199.212.132
1	1	0	0	0	27516349	0	0	27516349	0	0	18879	/public/backend/plugin/ckfinder/core/connector/php/connector.php?command=Thumbnail&type=Images&currentFolder=/inan/&langCode=vi&hash=077511babd6574ae&FileName=icon-lich-tet-cao-cap-2021.jpg&fileHash=202201172214-13
1	75	0	0	0	27728252	0	0	27516344	0	0	459608	/upload/image/inan/t%E1%BA%A3i xu%E1%BB%91ng (1).jpg
1	1	1	0	0	27689328	0	0	27689328	0	0	68863	/?debugbar_time=1661242283
1	5	0	0	0	27594339	0	0	27516345	0	0	385800	/public/backend/font-awesome/fonts/fontawesome-webfont.woff2?v=4.7.0
1	2	0	0	0	27594348	0	0	27516349	0	0	720	/public/backend/plugin/ckeditor/config.js?t=L4KA
1	2	0	0	0	27747791	0	0	27726633	0	0	11370	/lexus?66.249.71.50
1	1	1	0	0	27717822	0	0	27717822	0	0	31952	/?debugbar_time=1662957772
1	1	1	0	0	27594346	0	0	27594346	0	0	32224	/?debugbar_time=1655549216
1	0	0	0	13	0	0	27692414	0	0	27683535	0	/?debugbar_time=1658880000
1	1	1	0	0	27516349	0	0	27516349	0	0	27356	/?debugbar_time=1650869358
1	0	0	0	2	0	0	27722173	0	0	27707039	0	/favicon.ico?66.249.71.50
1	0	0	0	19	0	0	27717983	0	0	27516389	0	/public/frontend/resources/library/css/fonts/riode.svg?5gap68
1	1	0	0	0	27522077	0	0	27522077	0	0	5665	/rolls-royce
1	1	0	0	0	27516349	0	0	27516349	0	0	142	/public/backend/plugin/ckfinder/core/connector/php/connector.php?command=GetFiles&type=Files&currentFolder=/&langCode=vi&hash=6219a09b2a151a27
1	1	1	0	0	27586830	0	0	27586830	0	0	27977	/?debugbar_time=1655098205
1	4	0	0	0	27586823	0	0	27516345	0	0	21136	/public/backend/plugin/inputTags.jquery.min.js
1	1	1	0	0	27516365	0	0	27516365	0	0	31691	/?debugbar_time=1650870345
1	2	0	0	1	27594348	0	27516345	27516349	0	27516345	18379	/backend/product/product/create
1	0	0	0	1	0	0	27516556	0	0	27516556	0	/sitemap.xml
1	1	1	0	0	27519572	0	0	27519572	0	0	32061	/?debugbar_time=1651062744
1	70	0	0	0	27747791	0	0	27516344	0	0	107012	/public/backend/js/plugins/toastr/toastr.min.js
1	0	0	1	0	0	27735089	0	0	27735089	0	0	/upload/image/logo/
1	74	0	0	0	27748284	0	0	27516344	0	0	1046232	/upload/image/lexus.jpg
1	2	0	0	0	27594348	0	0	27516349	0	0	15434	/public/backend/plugin/ckeditor/lang/vi.js?t=L4KA
1	1	0	0	0	27631537	0	0	27631537	0	0	5682	/bmw
1	74	0	0	0	27745354	0	0	27516344	0	0	301092	/public/frontend/resources/uikit/js/components/slideshow.min.js
1	5	0	0	0	27594352	0	0	27550904	0	0	2710970	/public/backend/css/bootstrap.min.css.map
1	1	1	0	0	27526788	0	0	27526788	0	0	31822	/?debugbar_time=1651495706
1	71	0	0	0	27748753	0	0	27516344	0	0	786683	/public/frontend/resources/function.js
1	4	0	0	0	27586823	0	0	27516345	0	0	857436	/public/backend/plugin/ckeditor/ckeditor.js
1	73	0	0	0	27728252	0	0	27516344	0	0	3601079	/upload/image/logo-xe-toyota.jpg
1	1	1	0	0	27544047	0	0	27544047	0	0	31984	/?debugbar_time=1652531242
1	1	0	0	0	27516349	0	0	27516349	0	0	136	/public/backend/plugin/ckfinder/skins/kama/images/ckffolderopened.gif
1	35	0	0	0	27691871	0	0	27516345	0	0	2942321	/public/frontend/resources/fonts/fontawesome-free-5.15.4-web/webfonts/fa-solid-900.ttf
1	2	0	0	0	27594348	0	0	27516349	0	0	388	/public/backend/plugin/ckeditor/plugins/scayt/dialogs/dialog.css?t=L4KA
1	73	0	0	0	27728252	0	0	27516344	0	0	3047870	/upload/image/logo-porsche.jpg
1	1	0	0	0	27546453	0	0	27546453	0	0	57349	/public/frontend/resources/fonts/riode.eot?5gap68
1	1	1	0	0	27519571	0	0	27519571	0	0	31776	/?debugbar_time=1651062708
1	1	1	0	0	27544047	0	0	27544047	0	0	24868	/?debugbar_time=1652531230
1	1	0	0	0	27516349	0	0	27516349	0	0	7451	/public/backend/plugin/ckfinder/skins/kama/app.css?t=G9AD
1	1	1	0	0	27529328	0	0	27529328	0	0	31951	/?debugbar_time=1651648134
1	4	0	0	0	27586823	0	0	27516345	0	0	11456	/public/backend/css/plugins/sweetalert/sweetalert.css
1	69	0	0	0	27745354	0	0	27516344	0	0	858400	/public/frontend/resources/fonts/fontawesome-free-5.15.4-web/css/all.min.css
1	1	1	0	0	27686469	0	0	27686469	0	0	31645	/?debugbar_time=1661076541
1	79	0	0	0	27728252	0	0	27516344	0	0	1251000	/upload/image/banner/parts-banner-home.webp
1	1	1	0	0	27516364	0	0	27516364	0	0	32036	/?debugbar_time=1650870286
1	1	1	0	0	27586829	0	0	27586829	0	0	26149	/?debugbar_time=1655098143
1	1	0	0	0	27712802	0	0	27712802	0	0	625504	/upload/image/bruno-kelzer-Dw6tBa20afk-unsplash.jpg?91.199.212.132
1	4	0	0	0	27586823	0	0	27516345	0	0	71784	/public/backend/plugin/select2/dist/js/select2.min.js
1	0	0	0	2	0	0	27732539	0	0	27732539	0	/wp-includes/shell20211028.php
1	39	0	0	0	27691871	0	0	27516345	0	0	1711783	/public/frontend/resources/fonts/fontawesome-free-5.15.4-web/webfonts/fa-solid-900.woff
1	1	1	0	0	27586828	0	0	27586828	0	0	31990	/?debugbar_time=1655098120
1	1	1	0	0	27730912	0	0	27730912	0	0	31187	/?debugbar_time=1663743160
1	4	0	0	0	27586823	0	0	27516345	0	0	4348	/public/backend/js/plugins/metisMenu/jquery.metisMenu.js
1	1	0	0	0	27592401	0	0	27592401	0	0	6657	/public/frontend/resources/fonts/font-awesome-4.7.0/css/font-awesome.min.css?91.199.212.132
1	1	1	0	0	27516364	0	0	27516364	0	0	31284	/?debugbar_time=1650870248
1	2	0	0	0	27594339	0	0	27550896	0	0	1306	/public/backend/library/module/bill.js
1	1	1	0	0	27524704	0	0	27524704	0	0	31759	/?debugbar_time=1651370672
1	4	0	0	0	27586823	0	0	27516345	0	0	24824	/public/backend/js/plugins/codemirror/mode/javascript/javascript.js
1	3	0	0	0	27594348	0	0	27516345	0	0	26967	/public/backend/library/module/product.js
1	1	1	0	0	27726634	0	0	27726634	0	0	31204	/?debugbar_time=1663486439
1	1	1	0	0	27516363	0	0	27516363	0	0	65579	/?debugbar_time=1650870237
1	1	1	0	0	27516363	0	0	27516363	0	0	65525	/?debugbar_time=1650870234
1	70	0	0	0	27728252	0	0	27516344	0	0	3156750	/upload/image/inan/y-nghia-logo-xe-ford.jpg
1	1	1	0	0	27516363	0	0	27516363	0	0	31236	/?debugbar_time=1650870230
1	1	1	0	0	27658638	0	0	27658638	0	0	31940	/?debugbar_time=1659406691
1	1	1	0	0	27693068	0	0	27693068	0	0	31210	/?debugbar_time=1661471346
1	1	1	0	0	27516363	0	0	27516363	0	0	32004	/?debugbar_time=1650870227
1	0	0	0	2	0	0	27732539	0	0	27732538	0	/wp-content/themes/seotheme/mar.php
1	7	0	0	0	27724197	0	0	27683535	0	0	168	/robots.txt?91.199.212.132
1	1	1	0	0	27631537	0	0	27631537	0	0	31860	/?debugbar_time=1657780671
1	4	0	0	0	27586823	0	0	27516345	0	0	46396	/public/backend/js/plugins/fullcalendar/moment.min.js
1	4	0	0	0	27586823	0	0	27516345	0	0	11580	/public/not-found.png
1	1	1	0	0	27516363	0	0	27516363	0	0	31726	/?debugbar_time=1650870216
1	4	0	0	0	27586823	0	0	27516345	0	0	25944	/public/backend/library/library.js
1	2	0	2	0	27550920	27550920	0	27550904	27550904	0	7502	/backend/product/voucher/update/4
1	71	0	0	0	27728252	0	0	27516344	0	0	1202670	/upload/image/inan/logo-kia-0fec.jpg
1	1	1	0	0	27516363	0	0	27516363	0	0	32069	/?debugbar_time=1650870212
1	1	1	0	0	27516363	0	0	27516363	0	0	31875	/?debugbar_time=1650870197
1	1	1	0	0	27519570	0	0	27519570	0	0	31770	/?debugbar_time=1651062610
1	1	0	0	0	27516349	0	0	27516349	0	0	85	/public/backend/plugin/ckfinder/skins/kama/images/ckfplus.gif
1	49	0	0	0	27728252	0	0	27516344	0	0	45504	/public/frontend/resources/img/sectigo_trust_seal_md.png
1	70	0	0	0	27745179	0	0	27516344	0	0	164858	/public/frontend/resources/uikit/js/components/grid.min.js
1	1	1	0	0	27550900	0	0	27550900	0	0	25846	/?debugbar_time=1652942409
1	1	1	0	0	27594342	0	0	27594342	0	0	32349	/?debugbar_time=1655548951
1	1	0	0	0	27516349	0	0	27516349	0	0	14779	/public/backend/plugin/ckfinder/core/connector/php/connector.php?command=Thumbnail&type=Images&currentFolder=/inan/&langCode=vi&hash=077511babd6574ae&FileName=in-lich-tet-thiet-ke-doc-quyen-hoa-sen.jpg&fileHash=202201172214-51
1	68	0	0	0	27737485	0	0	27516344	0	0	456586	/public/frontend/resources/fonts/font-awesome-4.7.0/css/font-awesome.min.css
1	0	0	1	0	0	27519608	0	0	27519608	0	0	/wp-admin
1	1	1	0	0	27550900	0	0	27550900	0	0	26471	/?debugbar_time=1652942402
1	1	1	0	0	27516346	0	0	27516346	0	0	32132	/?debugbar_time=1650869186
1	1	1	0	0	27631537	0	0	27631537	0	0	56261	/?debugbar_time=1657780645
1	70	0	0	0	27745354	0	0	27516344	0	0	128840	/public/frontend/resources/plugins/select2/dist/css/select2.min.css
1	1	1	0	0	27586825	0	0	27586825	0	0	27961	/?debugbar_time=1655097941
1	2	0	0	0	27706443	0	0	27683949	0	0	12945	/cac-phu-kien-hybrid-pho-bien-khac-cua-honda-accord
1	1	1	0	0	27586825	0	0	27586825	0	0	25003	/?debugbar_time=1655097937
1	1	1	0	0	27631537	0	0	27631537	0	0	31771	/?debugbar_time=1657780638
1	1	1	0	0	27519569	0	0	27519569	0	0	31745	/?debugbar_time=1651062578
1	1	1	0	0	27631537	0	0	27631537	0	0	31153	/?debugbar_time=1657780632
1	9	0	0	0	27691871	0	0	27516345	0	0	178216	/upload/image/z3110905488504_e9883ff5af79b6889c4c41e38342a9b6.jpg
1	1	0	0	0	27550898	0	0	27550898	0	0	11180	/upload/image/san-pham/con-dau-goc-van/4396b3cd963fce00cc2c5ff55ab8a236.png
1	9	0	0	0	27594350	0	0	27586824	0	0	2083	/ajax/dashboard/get_location
1	82	0	0	0	27728252	0	0	27516344	0	0	1199536	/upload/image/banner/parts-banner-acc.webp
1	1	1	0	0	27529388	0	0	27529388	0	0	32056	/?debugbar_time=1651651736
1	1	1	0	0	27550899	0	0	27550899	0	0	26192	/?debugbar_time=1652942372
1	1	1	0	0	27707258	0	0	27707258	0	0	31703	/?debugbar_time=1662323655
1	1	1	0	0	27550899	0	0	27550899	0	0	27050	/?debugbar_time=1652942369
1	1	1	0	0	27631537	0	0	27631537	0	0	31769	/?debugbar_time=1657780624
1	1	0	0	0	27686346	0	0	27686346	0	0	7990	/cr-v
1	1	0	0	0	27516349	0	0	27516349	0	0	4035	/public/backend/plugin/ckfinder/lang/vi.js?t=G9AD
1	1	1	0	0	27519569	0	0	27519569	0	0	31868	/?debugbar_time=1651062560
1	4	0	0	0	27586823	0	0	27516345	0	0	264408	/public/backend/plugin/jquery-ui.js
1	0	0	3	0	0	27594352	0	0	27516431	0	0	/backend/authentication/auth/logout
1	1	1	0	0	27702662	0	0	27702662	0	0	31859	/?debugbar_time=1662048159
1	1	1	0	0	27702662	0	0	27702662	0	0	31778	/?debugbar_time=1662048158
1	1	1	0	0	27631536	0	0	27631536	0	0	31792	/?debugbar_time=1657780610
1	2	2	0	0	27699270	0	0	27699251	0	0	62310	/?debugbar_time=1661843442
1	1	1	0	0	27519569	0	0	27519569	0	0	31843	/?debugbar_time=1651062549
1	1	0	0	0	27516349	0	0	27516349	0	0	173	/public/backend/plugin/ckfinder/skins/kama/images/toolbar/refresh.gif
1	1	1	0	0	27516479	0	0	27516479	0	0	32266	/?debugbar_time=1650877162
1	10	0	0	0	27691871	0	0	27516345	0	0	284121	/upload/image/san-pham/con-dau-goc-van/35cb093250c5a0174242831327c0f749.jpg
1	1	1	0	0	27688381	0	0	27688381	0	0	31716	/?debugbar_time=1661167427
1	1	0	0	0	27650957	0	0	27650957	0	0	450	/cPanel_magic_revision_1615494812/unprotected/cpanel/images/icon-password.png
1	0	0	0	1	0	0	27520724	0	0	27520724	0	/.git/config
1	1	1	0	0	27516345	0	0	27516345	0	0	31852	/?debugbar_time=1650869141
1	2	2	0	0	27644901	0	0	27644901	0	0	63692	/?debugbar_time=1658582491
1	0	0	0	57	0	0	27717983	0	0	27516345	0	/public/frontend/resources/library/css/fonts/riode.ttf?5gap68
1	1	0	0	0	27516349	0	0	27516349	0	0	673	/public/backend/plugin/ckfinder/skins/kama/images/loaders/16x16.gif?t=G9AD
1	6	0	227	0	27631536	27631537	0	27516363	27516363	0	0	/notfound
1	1	0	0	0	27701070	0	0	27701070	0	0	12370	/public/frontend/resources/fonts/fontawesome-free-5.15.4-web/css/all.min.css?91.199.212.132
1	1	0	0	0	27699702	0	0	27699702	0	0	1720	/upload/image/logo/header_logo.png?66.249.71.50
1	1	1	0	0	27516345	0	0	27516345	0	0	59374	/?debugbar_time=1650869136
1	1	1	0	0	27516432	0	0	27516432	0	0	32254	/?debugbar_time=1650874329
1	6	0	0	0	27644900	0	0	27588839	0	0	10320	/upload/image/logo/header_logo.png?91.199.212.132
1	1	1	0	0	27516345	0	0	27516345	0	0	27994	/?debugbar_time=1650869134
1	73	0	0	0	27728252	0	0	27516344	0	0	4112953	/public/frontend/resources/fonts/fontawesome-free-5.15.4-web/webfonts/fa-solid-900.woff2
1	1	1	0	0	27519568	0	0	27519568	0	0	31796	/?debugbar_time=1651062534
1	1	1	0	0	27697959	0	0	27697959	0	0	31984	/?debugbar_time=1661765960
1	1	1	0	0	27516345	0	0	27516345	0	0	24945	/?debugbar_time=1650869129
1	12	0	0	0	27745354	0	0	27516363	0	0	68065	/porsche
1	0	0	0	14	0	0	27594352	0	0	27516345	0	/upload/image/partner-1.png
1	2	2	0	0	27683535	0	0	27683535	0	0	63522	/?debugbar_time=1660900525
1	1	1	0	0	27631316	0	0	27631316	0	0	56209	/?debugbar_time=1657767362
1	2	2	0	0	27644901	0	0	27644901	0	0	113146	/?debugbar_time=1658582473
1	1	1	0	0	27631536	0	0	27631536	0	0	31906	/?debugbar_time=1657780571
1	1	1	0	0	27550898	0	0	27550898	0	0	29024	/?debugbar_time=1652942325
1	1	0	0	0	27731413	0	0	27731413	0	0	48044	/public/frontend/resources/library/css/all.css?91.199.212.132
1	1	1	0	0	27544042	0	0	27544042	0	0	31980	/?debugbar_time=1652530942
1	4	0	0	0	27586823	0	0	27516345	0	0	46944	/public/backend/js/plugins/datapicker/bootstrap-datepicker.js
1	4	0	0	0	27586823	0	0	27516345	0	0	1648	/public/backend/js/demo/sparkline-demo.js
1	67	0	0	0	27745650	0	0	27516344	0	0	3236228	/public/frontend/resources/library/css/all.css
1	7	0	0	0	27707254	0	0	27516354	0	0	39820	/vinfast
1	1	1	0	0	27586824	0	0	27586824	0	0	26295	/?debugbar_time=1655097863
1	11	0	0	0	27691871	0	0	27516345	0	0	72020	/upload/image/san-pham/con-dau-goc-van/954c6dce3aceb098345e97afbf0e9083.jpg
1	4	0	0	0	27586823	0	0	27516345	0	0	1560	/public/backend/css/inputTags.min.css
1	1	1	0	0	27730980	0	0	27730980	0	0	30940	/?debugbar_time=1663747209
1	1	1	0	0	27550921	0	0	27550921	0	0	32355	/?debugbar_time=1652943669
1	1	1	0	0	27516431	0	0	27516431	0	0	31973	/?debugbar_time=1650874289
1	1	1	0	0	27588847	0	0	27588847	0	0	32147	/?debugbar_time=1655219229
1	1	1	0	0	27594340	0	0	27594340	0	0	27075	/?debugbar_time=1655548853
1	1	1	0	0	27694892	0	0	27694892	0	0	32105	/?debugbar_time=1661441495
1	1	1	0	0	27550921	0	0	27550921	0	0	30944	/?debugbar_time=1652943665
1	1	1	0	0	27550898	0	0	27550898	0	0	25951	/?debugbar_time=1652942297
1	1	1	0	0	27516431	0	0	27516431	0	0	32288	/?debugbar_time=1650874286
1	1	1	0	0	27683535	0	0	27683535	0	0	31905	/?debugbar_time=1660900500
1	2	2	0	0	27644900	0	0	27644900	0	0	63404	/?debugbar_time=1658582448
1	4	0	0	0	27586823	0	0	27516345	0	0	16512	/public/backend/js/plugins/pace/pace.min.js
1	1	1	0	0	27694807	0	0	27694807	0	0	68917	/?debugbar_time=1661480602
1	1	1	0	0	27550898	0	0	27550898	0	0	33907	/?debugbar_time=1652942302
1	1	0	0	0	27550898	0	0	27550898	0	0	1657	/backend/product/product/preview/7
1	1	1	0	0	27550920	0	0	27550920	0	0	32297	/?debugbar_time=1652943657
1	1	1	0	0	27550898	0	0	27550898	0	0	59346	/?debugbar_time=1652942289
1	1	1	0	0	27516431	0	0	27516431	0	0	27884	/?debugbar_time=1650874277
1	1	1	0	0	27748755	0	0	27748755	0	0	31858	/?debugbar_time=1664813719
1	1	0	0	0	27550898	0	0	27550898	0	0	2485	/backend/product/product/preview/4
1	1	0	0	0	27692551	0	0	27692551	0	0	6516	/phu-hop-voi-ev
1	1	1	0	0	27550898	0	0	27550898	0	0	32309	/?debugbar_time=1652942285
1	1	0	0	0	27550898	0	0	27550898	0	0	2535	/backend/product/product/preview/2
1	1	0	0	0	27689507	0	0	27689507	0	0	31569	/upload/image/san-pham/con-dau-goc-van/35cb093250c5a0174242831327c0f749.jpg?91.199.212.132
1	1	1	0	0	27516431	0	0	27516431	0	0	24945	/?debugbar_time=1650874274
1	1	1	0	0	27516344	0	0	27516344	0	0	32165	/?debugbar_time=1650869079
1	2	0	0	0	27594348	0	0	27550896	0	0	12542	/upload/image/inan/t%E1%BA%A3i xu%E1%BB%91ng.jpg
1	1	1	0	0	27684030	0	0	27684030	0	0	31795	/?debugbar_time=1660930197
1	1	1	0	0	27516344	0	0	27516344	0	0	32174	/?debugbar_time=1650869077
1	1	1	0	0	27550898	0	0	27550898	0	0	32240	/?debugbar_time=1652942282
1	1	1	0	0	27516344	0	0	27516344	0	0	32062	/?debugbar_time=1650869074
1	70	0	0	0	27747791	0	0	27516344	0	0	3593722	/public/frontend/resources/plugins.js
1	1	1	0	0	27748755	0	0	27748755	0	0	31730	/?debugbar_time=1664813707
1	0	0	0	57	0	0	27717983	0	0	27516345	0	/public/frontend/resources/library/css/fonts/riode.woff?5gap68
1	30	0	0	0	27594351	0	0	27550896	0	0	840	/ajax/dashboard/update_field
1	1	0	0	0	27516349	0	0	27516349	0	0	144	/public/backend/plugin/ckfinder/core/connector/php/connector.php?command=GetFiles&type=Flash&currentFolder=/&langCode=vi&hash=305961ac3de7a91d
1	1	1	0	0	27717609	0	0	27717609	0	0	31662	/?debugbar_time=1662898889
1	1	1	0	0	27516431	0	0	27516431	0	0	27909	/?debugbar_time=1650874261
1	1	1	0	0	27516344	0	0	27516344	0	0	32091	/?debugbar_time=1650869067
1	2	2	0	0	27701071	0	0	27700539	0	0	62104	/?debugbar_time=1661920722
1	1	1	0	0	27586823	0	0	27586823	0	0	27946	/?debugbar_time=1655097820
1	2	0	0	0	27594348	0	0	27550896	0	0	30556	/upload/thumb/Images/san-pham/e73d0372905a060189104db676146cff.jpg
1	1	1	0	0	27586823	0	0	27586823	0	0	24901	/?debugbar_time=1655097816
1	1	1	0	0	27516430	0	0	27516430	0	0	24848	/?debugbar_time=1650874251
1	1	1	0	0	27550920	0	0	27550920	0	0	26616	/?debugbar_time=1652943628
1	0	0	0	2	0	0	27691118	0	0	27688307	0	/upload/image/favicon-32x32.png?66.249.71.50
1	1	1	0	0	27594339	0	0	27594339	0	0	27069	/?debugbar_time=1655548796
1	1	1	0	0	27586823	0	0	27586823	0	0	31978	/?debugbar_time=1655097807
1	72	0	0	0	27747791	0	0	27516344	0	0	129118	/public/frontend/resources/plugins/jquery.lazyload.min.js
1	5	0	0	0	27745178	0	0	27702662	0	0	120	/robots.txt?66.249.71.50
1	1	0	0	0	27727949	0	0	27727949	0	0	41828	/upload/image/logo-audi.jpg?91.199.212.132
1	1	1	0	0	27550920	0	0	27550920	0	0	26144	/?debugbar_time=1652943613
1	3	0	0	0	27732326	0	0	27550897	0	0	20683	/san-pham
1	1	1	0	0	27516430	0	0	27516430	0	0	32148	/?debugbar_time=1650874231
1	211	211	0	106	27757499	0	27734395	27509697	0	27509296	4843961	/
1	1	1	0	0	27594339	0	0	27594339	0	0	27908	/?debugbar_time=1655548780
1	1	1	0	0	27550897	0	0	27550897	0	0	32261	/?debugbar_time=1652942236
1	1	1	0	0	27594339	0	0	27594339	0	0	24839	/?debugbar_time=1655548776
1	72	0	0	0	27747791	0	0	27516344	0	0	265004	/public/frontend/resources/cart.js
1	4	0	0	0	27586823	0	0	27516345	0	0	104856	/public/backend/js/plugins/flot/jquery.flot.js
1	1	0	1	0	27594350	27594350	0	27594350	27594350	0	8070	/gio-hang
1	3	3	0	0	27732724	0	0	27711482	0	0	91724	/?66.249.71.50
1	1	1	0	0	27550897	0	0	27550897	0	0	32183	/?debugbar_time=1652942230
1	2	2	0	0	27718265	0	0	27718265	0	0	63336	/?debugbar_time=1662984330
1	1	0	0	0	27685285	0	0	27685285	0	0	532	/public/frontend/resources/img/footer_facebook.png?66.249.71.50
1	1	0	0	0	27696812	0	0	27696812	0	0	6436	/phu-kien-noi-that-pho-bien?66.249.71.50
1	72	0	0	0	27747791	0	0	27516344	0	0	440740	/public/frontend/resources/style.css
1	1	0	0	0	27520724	0	0	27520724	0	0	12292	/403.shtml
1	2	0	0	0	27594348	0	0	27550896	0	0	1412	/public/backend/library/module/brand.js
1	4	0	0	0	27594348	0	0	27516345	0	0	22922	/backend/product/product/index
1	1	1	0	0	27519566	0	0	27519566	0	0	31805	/?debugbar_time=1651062397
1	4	0	0	0	27586823	0	0	27516345	0	0	36588	/public/backend/js/plugins/daterangepicker/daterangepicker.js
1	6	0	0	0	27594339	0	0	27516345	0	0	42306	/public/backend/font-awesome/css/font-awesome.css
1	4	0	0	0	27586823	0	0	27516345	0	0	15240	/public/backend/css/vastyle.css
1	1	1	0	0	27519566	0	0	27519566	0	0	32002	/?debugbar_time=1651062403
1	1	1	0	0	27713879	0	0	27713879	0	0	31788	/?debugbar_time=1662721178
1	4	0	0	0	27586823	0	0	27516345	0	0	50436	/public/backend/js/plugins/sparkline/jquery.sparkline.min.js
1	1	0	0	0	27516349	0	0	27516349	0	0	14387	/public/backend/plugin/ckfinder/core/connector/php/connector.php?command=Thumbnail&type=Images&currentFolder=/inan/&langCode=vi&hash=077511babd6574ae&FileName=icon-in-lich-tet-2021-dac-biet.jpg&fileHash=202201172214-9
1	1	1	0	0	27550896	0	0	27550896	0	0	27989	/?debugbar_time=1652942191
1	4	0	0	0	27586823	0	0	27516345	0	0	6544	/public/backend/js/plugins/gritter/jquery.gritter.min.js
1	1	0	0	255	27631315	0	27717870	27631315	0	27516345	0	/images/cart/product-1.jpg
1	41	41	0	3	27748753	0	27582319	27529885	0	27528629	1042161	/?91.199.212.132
1	1	0	0	0	27586824	0	0	27586824	0	0	689	/public/backend/library/module/user.js
1	1	1	0	0	27550896	0	0	27550896	0	0	27803	/?debugbar_time=1652942183
1	1	1	0	0	27550896	0	0	27550896	0	0	26259	/?debugbar_time=1652942178
3	5	1	0	1	27686347	0	27686347	27686346	0	27686347	77516	https://tricar.com.vn/cr-v
3	104	0	0	0	27728252	0	0	27516344	0	0	4457138	https://tricar.com.vn/public/frontend/resources/library/css/general.css
3	2	0	0	0	27550898	0	0	27550898	0	0	5558	https://tricar.com.vn/public/backend/css/plugins/slick/slick-theme.css
3	1	1	0	0	27594351	0	0	27594351	0	0	29851	https://tricar.com.vn/dat-hang-thanh-cong?token=NDQ=
3	5	0	0	0	27594339	0	0	27516345	0	0	29385	https://tricar.com.vn/public/backend/css/style.css
3	4	4	0	0	27735033	0	0	27550897	0	0	106022	https://tricar.com.vn/san-pham
3	2	2	0	0	27650957	0	0	27509697	0	0	50544	http://webmail.tricar.com.vn/
3	6	0	0	0	27650957	0	0	27650957	0	0	4794	https://webmail.tricar.com.vn/cPanel_magic_revision_1630426761/unprotected/cpanel/style_v2_optimized.css
3	26	6	0	4	27747791	0	27747791	27693067	0	27694752	405157	https://tricar.com.vn/lexus
3	2	2	0	1	27697722	0	27696812	27696812	0	27696812	63584	https://tricar.com.vn/phu-kien-noi-that-pho-bien
3	1396	112	0	259	27748755	0	27732895	27516344	0	27511692	25506667	https://tricar.com.vn/
3	66	3	0	2	27594348	0	27516345	27516345	0	27516345	2367532	https://tricar.com.vn/backend/product/product/index
3	4	2	2	0	27550909	27550909	0	27550900	27550903	0	62579	https://tricar.com.vn/backend/product/voucher/create
3	10	4	0	3	27701071	0	27701071	27693171	0	27693171	213579	https://tricar.com.vn/kia
3	8	0	0	0	27631537	0	0	27517084	0	0	139584	https://tricar.com.vn/public/frontend/resources/library/css/riode.css
3	5	1	1	0	27586825	27586825	0	27586824	27586825	0	28982	https://tricar.com.vn/backend/user/user/update/8
3	4	1	1	1	27586830	27586830	27586829	27586829	27586830	27586829	33520	https://tricar.com.vn/backend/user/profile/profile/26
3	1	1	0	0	27694892	0	0	27694892	0	0	32105	https://tricar.com.vn/phu-hop-voi-ev
3	7	2	0	2	27550899	0	27550899	27550896	0	27550896	79156	https://tricar.com.vn/backend/bill/bill/detail/43
3	10	6	0	3	27720203	0	27720203	27697063	0	27697758	264780	https://tricar.com.vn/ford
3	138	0	0	0	27728252	0	0	27516344	0	0	8297449	https://tricar.com.vn/public/frontend/resources/fonts/fontawesome-free-5.15.4-web/css/all.min.css
3	7	1	1	0	27594350	27594350	0	27594350	27594350	0	39932	https://tricar.com.vn/gio-hang
3	3	2	0	0	27695674	0	0	27695558	0	0	2304	https://tricar.com.vn/honda-30110-pa1-732o-ring-26-4x3-1-tec
3	1482	85	100	96	27717983	27631537	27717983	27516345	27603342	27516345	26042202	http://tricar.com.vn/
3	41	7	1	1	27594352	27594352	27594340	27550899	27594352	27594340	211239	https://tricar.com.vn/backend/bill/bill/index
3	6	1	0	0	27516363	0	0	27516363	0	0	137868	https://tricar.com.vn/cr-v-hybrid
3	63	0	0	0	27691871	0	0	27516344	0	0	4163147	https://tricar.com.vn/public/frontend/resources/fonts/font-awesome-4.7.0/css/font-awesome.min.css
3	6	3	0	2	27706444	0	27706444	27683949	0	27706444	106384	https://tricar.com.vn/cac-phu-kien-hybrid-pho-bien-khac-cua-honda-accord
3	185	14	1	28	27594352	27516431	27594352	27516345	27516431	27516345	3535838	https://tricar.com.vn/backend/dashboard/dashboard/index
3	2	0	0	0	27594348	0	0	27516349	0	0	25066	https://tricar.com.vn/public/backend/plugin/ckeditor/skins/moono-lisa/editor.css?t=L4KA
3	3	3	0	1	27519566	0	27516343	27516344	0	27516343	28920	https://share02.vhost.vn:2083/
3	32	2	0	0	27594348	0	0	27550896	0	0	286997	https://tricar.com.vn/backend/product/brand/brand/index
3	2	1	0	0	27522077	0	0	27522077	0	0	37444	https://tricar.com.vn/rolls-royce
3	2	2	0	0	27517583	0	0	27517583	0	0	22603	http://baidu.com/
3	50	7	0	4	27702662	0	27702662	27683535	0	27683535	753104	http://www.tricar.com.vn/
3	13	2	0	2	27745179	0	27745179	27697610	0	27697610	185193	https://tricar.com.vn/toyota
3	1	1	0	1	27550898	0	27550898	27550898	0	27550898	25951	https://tricar.com.vn/backend/product/product/preview/7
3	2	1	0	0	27516364	0	0	27516363	0	0	71251	https://tricar.com.vn/thanh-phan
3	5	0	0	0	27594339	0	0	27516345	0	0	385800	https://tricar.com.vn/public/backend/font-awesome/css/font-awesome.css
3	1	1	0	1	27550898	0	27550898	27550898	0	27550898	29024	https://tricar.com.vn/backend/product/product/preview/4
3	1	1	0	0	27594350	0	0	27594350	0	0	31357	https://tricar.com.vn/may-bom-nuoc
3	1	0	0	0	27520724	0	0	27520724	0	0	12292	http://webmail.tricar.com.vn/.git/config
3	45	8	36	4	27692414	27516363	27692414	27516363	27516363	27690459	733444	https://tricar.com.vn/accord-hybrid
3	2	1	0	1	27550898	0	27550898	27550898	0	27550898	45087	https://tricar.com.vn/backend/product/product/preview/2
3	15	3	0	1	27694807	0	27689328	27689328	0	27689328	280442	https://tricar.com.vn/honda-36220-ph4-663lap-rap-van-c-solenoid-tan-so
3	171	12	0	12	27691871	0	27631316	27594350	0	27630565	2439117	https://tricar.com.vn/civic
3	34	2	0	0	27631537	0	0	27631537	0	0	428964	https://tricar.com.vn/bmw
3	0	0	0	72	0	0	27691871	0	0	27516345	0	https://tricar.com.vn/public/frontend/resources/library/css/all.css
3	2	2	0	0	27550921	0	0	27550921	0	0	40605	https://tricar.com.vn/tim-kiem?keyword=voucher
3	10	5	0	21	27550920	0	27550920	27550900	0	27550900	148196	https://tricar.com.vn/backend/product/voucher/index
3	4	2	0	0	27732895	0	0	27546450	0	0	102976	https://www.google.com/
3	1	1	0	0	27594350	0	0	27594350	0	0	31478	https://tricar.com.vn/may-phat-dien
3	12	0	0	0	27516349	0	0	27516349	0	0	9402	https://tricar.com.vn/public/backend/plugin/ckfinder/skins/kama/app.css?t=G9AD
3	0	0	20	0	0	27603343	0	0	27603342	0	0	https://tricar.com.vn/notfound
3	3	0	0	0	27650957	0	0	27650957	0	0	68000	https://webmail.tricar.com.vn/cPanel_magic_revision_1616517441/unprotected/cpanel/fonts/open_sans/open_sans.min.css
3	5	1	1	0	27594351	27594351	0	27594350	27594351	0	33269	https://tricar.com.vn/dat-hang
3	120	20	0	12	27745650	0	27745354	27516363	0	27627576	2008096	https://tricar.com.vn/porsche
3	47	10	8	4	27594352	27594352	27594339	27516345	27516345	27544047	650666	https://tricar.com.vn/admin
3	4	2	2	0	27550920	27550920	0	27550904	27550904	0	63159	https://tricar.com.vn/backend/product/voucher/update/4
3	29	7	0	4	27733459	0	27733245	27713879	0	27713879	310137	https://tricar.com.vn/cac-phu-kien-honda-pho-bien-khac
3	3	0	0	0	27650957	0	0	27650957	0	0	35511	https://webmail.tricar.com.vn/
3	62	11	34	2	27707258	27516363	27707258	27516354	27516363	27688381	902962	https://tricar.com.vn/vinfast
3	53	2	0	2	27594348	0	27516349	27516349	0	27516345	293893	https://tricar.com.vn/backend/product/product/create
4	0	0	0	1	0	0	27509725	0	0	27509725	0	Mozilla/5.0 (Windows NT 10.0; Win64; x64) AppleWebKit/537.36 (KHTML, like Gecko) Chrome/78.0.3904.87 Safari/537.36
4	58	3	0	8	27717983	0	27717983	27717822	0	27717822	1176670	Mozilla/5.0 (iPhone; CPU iPhone OS 15_3_1 like Mac OS X) AppleWebKit/605.1.15 (KHTML, like Gecko) Version/15.3 Mobile/15E148 Safari/604.1
4	64	0	0	8	27561241	0	27546620	27519185	0	27522336	1691636	Mozilla/5.0 (Macintosh; Intel Mac OS X 10_15_7) AppleWebKit/537.36 (KHTML, like Gecko) Chrome/96.0.4664.55 Safari/537.36
4	0	0	0	2	0	0	27734395	0	0	27734395	0	Mozilla/5.0 (X11; Linux x86_64; rv:83.0) Gecko/20100101 Firefox/83.0
4	4	4	0	0	27745618	0	0	27569846	0	0	45226	Mozilla/5.0 (X11; Linux x86_64) AppleWebKit/537.36 (KHTML, like Gecko) Chrome/57.0.2987.110 Safari/537.36
4	143	9	95	12	27631537	27631537	27631537	27631536	27631536	27631536	3883675	Mozilla/5.0 (Windows NT 10.0; Win64; x64) AppleWebKit/537.36 (KHTML, like Gecko) Chrome/103.0.5060.114 Safari/537.36 Edg/103.0.1264.49
4	0	0	0	2	0	0	27514894	0	0	27514894	0	Mozilla/5.0 (Macintosh; Intel Mac OS X 10_13_6) AppleWebKit/537.36 (KHTML, like Gecko) Chrome/100.0.4896.127 Safari/537.36
4	73	3	0	2	27650957	0	27517084	27517084	0	27517084	1527113	Mozilla/5.0 (Windows NT 10.0; Win64; x64) AppleWebKit/537.36 (KHTML, like Gecko) Chrome/76.0.3809.71 Safari/537.36
4	64	8	0	4	27546455	0	27546453	27546450	0	27546450	1339145	Mozilla/5.0 (Windows NT 10.0; Win64; x64) AppleWebKit/537.36 (KHTML, like Gecko) Chrome/101.0.4951.64 Safari/537.36
4	81	1	0	10	27561241	0	27561241	27522316	0	27522316	2476556	Mozilla/5.0 (Windows NT 10.0; Win64; x64) AppleWebKit/537.36 (KHTML, like Gecko) Chrome/94.0.4606.81 Safari/537.36 OPR/80.0.4170.63
4	2	2	0	1	27731539	0	27509758	27731504	0	27509758	96606	Mozilla/5.0 (Linux; U; Android 4.4.2; en-us; SCH-I535 Build/KOT49H) AppleWebKit/534.30 (KHTML, like Gecko) Version/4.0 Mobile Safari/534.30
4	1	1	0	0	27516349	0	0	27516349	0	0	11309	facebookexternalhit/1.1 (+http://www.facebook.com/externalhit_uatext.php) _zbot
4	0	0	0	1	0	0	27509696	0	0	27509696	0	Mozilla/5.0 (compatible; CensysInspect/1.1; +https://about.censys.io/)
4	0	0	0	1	0	0	27516381	0	0	27516381	0	Chrome/41.0.2272.96 Mobile Safari/537.36 (compatible; Googlebot/2.1; +http://www.google.com/bot.html)
4	76	0	0	13	27561241	0	27546332	27519185	0	27522481	1914239	Mozilla/5.0 (Windows NT 10.0; Win64; x64) AppleWebKit/537.36 (KHTML, like Gecko) Chrome/95.0.4638.69 Safari/537.36
4	39	8	0	2	27754296	0	27686484	27683535	0	27686371	160443	Mozilla/5.0 (compatible; Googlebot/2.1; +http://www.google.com/bot.html)
4	30	7	0	3	27748755	0	27745354	27734841	0	27734841	682256	Mozilla/5.0 AppleWebKit/537.36 (KHTML, like Gecko; compatible; Googlebot/2.1; +http://www.google.com/bot.html) Chrome/105.0.5195.125 Safari/537.36
4	1	1	0	0	27509848	0	0	27509848	0	0	38254	Mozilla/5.0 (Windows NT 6.1; Win64; x64) AppleWebKit/537.36 (KHTML, like Gecko) Chrome/64.0.3282.186 Safari/537.36
4	0	0	0	4	0	0	27732539	0	0	27732538	0	Mozlila/5.0 (Linux; Android 7.0; SM-G892A Bulid/NRD90M; wv) AppleWebKit/537.36 (KHTML, like Gecko) Version/4.0 Chrome/60.0.3112.107 Moblie Safari/537.36
4	2	0	0	4	27520724	0	27520724	27520724	0	27520724	24583	Go-http-client/1.1
4	58	3	0	9	27658638	0	27658646	27658638	0	27658638	1218223	Mozilla/5.0 (Windows NT 10.0; Win64; x64) AppleWebKit/537.36 (KHTML, like Gecko) Chrome/103.0.0.0 Safari/537.36
4	73	13	0	7	27733245	0	27733245	27718048	0	27718265	1048391	Mozilla/5.0 AppleWebKit/537.36 (KHTML, like Gecko; compatible; Googlebot/2.1; +http://www.google.com/bot.html) Chrome/105.0.5195.102 Safari/537.36
4	4	4	0	0	27652812	0	0	27652810	0	0	45165	Mozilla/5.0 (Windows NT 10.0; Win64; x64) AppleWebKit/537.36 (KHTML, like Gecko) Chrome/79.0.3945.130 Safari/537.36
4	0	0	0	1	0	0	27511662	0	0	27511662	0	Opera/9.80 (Windows NT 5.1; U; zh-tw) Presto/2.8.131 Version/11.10
4	23	0	0	19	27748284	0	27754296	27683658	0	27683535	1066366	Googlebot-Image/1.0
4	58	22	0	10	27716841	0	27707258	27693171	0	27693171	1017349	Mozilla/5.0 (Linux; Android 6.0.1; Nexus 5X Build/MMB29P) AppleWebKit/537.36 (KHTML, like Gecko) Chrome/104.0.5112.101 Mobile Safari/537.36 (compatible; Googlebot/2.1; +http://www.google.com/bot.html)
4	58	3	0	3	27586828	0	27586829	27586828	0	27586828	1218273	Mozilla/5.0 (Windows NT 10.0; Win64; x64) AppleWebKit/537.36 (KHTML, like Gecko) Chrome/102.0.5005.115 Safari/537.36
4	3	3	0	3	27731539	0	27509848	27620607	0	27509776	134718	Mozilla/5.0 (Macintosh; Intel Mac OS X 10_12_6) AppleWebKit/537.36 (KHTML, like Gecko) Chrome/64.0.3282.186 Safari/537.36
4	0	0	0	1	0	0	27509296	0	0	27509296	0	Mozilla/5.0 (Windows NT 10.0; Win64; x64) AppleWebKit/537.36 (KHTML, like Gecko) Chrome/86.0.4240.111 Safari/537.36 Edg/86.0.622.51
4	1	0	0	0	27588839	0	0	27588839	0	0	1720	Mozilla/5.0 (X11; Linux x86_64) AppleWebKit/537.36 (KHTML, like Gecko) Chrome/100.0.4896.60 Safari/537.36 _zbot
4	70	12	0	4	27748755	0	27747791	27733459	0	27737485	882121	Mozilla/5.0 (Linux; Android 6.0.1; Nexus 5X Build/MMB29P) AppleWebKit/537.36 (KHTML, like Gecko) Chrome/105.0.5195.125 Mobile Safari/537.36 (compatible; Googlebot/2.1; +http://www.google.com/bot.html)
4	0	0	0	14	0	0	27521406	0	0	27519586	0	COMODO DCV
4	73	1	0	4	27561241	0	27544443	27519185	0	27522336	1681466	Mozilla/5.0 (Windows NT 10.0; rv:91.0) Gecko/20100101 Firefox/91.0
4	2	2	0	1	27731481	0	27509758	27620599	0	27509758	96464	Mozilla/5.0 (Windows NT 6.1; WOW64; Trident/7.0; rv:11.0) like Gecko
4	164	16	0	45	27631316	0	27631316	27588840	0	27588840	2152102	Mozilla/5.0 (iPhone; CPU iPhone OS 15_3_1 like Mac OS X) AppleWebKit/605.1.15 (KHTML, like Gecko) Mobile/15E148 Zalo iOS/456 ZaloTheme/light ZaloLanguage/vn
4	1	1	0	0	27509699	0	0	27509699	0	0	12285	Mozilla/5.0 (Windows NT 4.0; WOW64) AppleWebKit/537.36 (KHTML, like Gecko) Chrome/37.0.2049.0 Safari/537.36
4	14	14	0	0	27659399	0	0	27534516	0	0	656073	Expanse, a Palo Alto Networks company, searches across the global IPv4 space multiple times per day to identify customers&#39; presences on the Internet. If you would like to be excluded from our scans, please send IP addresses/domains to: scaninfo@paloaltonetworks.com
4	60	6	0	3	27684030	0	27684030	27683535	0	27683644	837592	Mozilla/5.0 AppleWebKit/537.36 (KHTML, like Gecko; compatible; Googlebot/2.1; +http://www.google.com/bot.html) Chrome/104.0.5112.79 Safari/537.36
4	1	0	0	0	27727949	0	0	27727949	0	0	41828	Mozilla/5.0 (Macintosh; Intel Mac OS X 10_15_7) AppleWebKit/605.1.15 (KHTML, like Gecko) Version/14.1.2 Safari/605.1.15
4	80	1	0	13	27561240	0	27547519	27519185	0	27519185	2312495	Mozilla/5.0 (Macintosh; Intel Mac OS X 10_15_7) AppleWebKit/605.1.15 (KHTML, like Gecko) Version/15.0 Safari/605.1.15
4	0	0	0	1	0	0	27582319	0	0	27582319	0	Mozilla/5.0 (Macintosh; Intel Mac OS X 10_15_7) AppleWebKit/537.36 (KHTML, like Gecko) Chrome/92.0.4515.107 Safari/537.36
4	63	0	0	7	27561241	0	27547519	27519185	0	27522481	1748915	Mozilla/5.0 (X11; Linux x86_64) AppleWebKit/537.36 (KHTML, like Gecko) Chrome/95.0.4638.69 Safari/537.36
4	1	1	0	0	27597493	0	0	27597493	0	0	11301	Mozilla/5.0 (Windows NT 10.0; Win64; x64) AppleWebKit/537.36 (KHTML, like Gecko) Chrome/92.0.4515.107 Safari/537.36
4	62	2	0	2	27650883	0	27650883	27650883	0	27650883	1393009	Mozilla/5.0 (Windows NT 10.0; Win64; x64) AppleWebKit/537.36 (KHTML, like Gecko) Chrome/92.0.4515.159 Safari/537.36
4	4	4	0	0	27731663	0	0	27509777	0	0	166901	Mozilla/5.0 (Macintosh; Intel Mac OS X 10_12_6) AppleWebKit/604.5.6 (KHTML, like Gecko) Version/11.0.3 Safari/604.5.6
4	1	0	0	0	27516349	0	0	27516349	0	0	1720	Mozilla/5.0 (X11; Linux x86_64) AppleWebKit/537.36 (KHTML, like Gecko) Chrome/98.0.4758.80 Safari/537.36 _zbot
4	1	0	0	1	27516556	0	27516556	27516556	0	27516556	24	fasthttp
4	59	2	0	2	27655773	0	27655773	27655772	0	27655773	1306732	Mozilla/5.0 (Windows NT 10.0; Win64; x64) AppleWebKit/537.36 (KHTML, like Gecko) Chrome/96.0.4664.45 Safari/537.36
4	330	48	7	35	27607213	27594352	27607213	27594339	27594339	27594339	7468085	Mozilla/5.0 (Windows NT 10.0; Win64; x64) AppleWebKit/537.36 (KHTML, like Gecko) Chrome/102.0.0.0 Safari/537.36
4	0	0	0	14	0	0	27521406	0	0	27519586	0	Sectigo DCV
4	34	2	0	0	27524628	0	0	27524627	0	0	457301	Mozilla/5.0 (Windows NT 6.1; WOW64) AppleWebKit/534+ (KHTML, like Gecko) BingPreview/1.0b
4	36	4	0	0	27516692	0	0	27516691	0	0	495941	Mozilla/5.0 (Windows NT 6.1; Win64; x64) AppleWebKit/537.36 (KHTML, like Gecko) Chrome/83.0.4103.61 Safari/537.36
4	5	5	0	1	27731663	0	27509777	27509758	0	27509777	215204	Mozilla/5.0 (Windows NT 10.0; Win64; x64; rv:58.0) Gecko/20100101 Firefox/58.0
4	2	2	0	2	27731663	0	27509776	27731539	0	27509776	80415	Mozilla/5.0 (Macintosh; Intel Mac OS X 10.13; rv:58.0) Gecko/20100101 Firefox/58.0
4	69	7	0	76	27561241	0	27561209	27519185	0	27511658	1690393	Mozilla/5.0 (Windows NT 10.0; WOW64) AppleWebKit/537.36 (KHTML, like Gecko) Chrome/83.0.4103.106 Safari/537.36
4	65	5	0	8	27546455	0	27546455	27546453	0	27546453	1424660	Mozilla/5.0 (Windows NT 10.0; WOW64; Trident/7.0; rv:11.0) like Gecko
4	5	5	0	1	27731539	0	27509758	27509697	0	27509758	221275	Mozilla/5.0 (iPhone; CPU iPhone OS 10_3_1 like Mac OS X) AppleWebKit/603.1.30 (KHTML, like Gecko) Version/10.0 Mobile/14E304 Safari/602.1
4	1	1	0	1	27699372	0	27699372	27699372	0	27699372	11282	Mozilla/5.0 (Macintosh; Intel Mac OS X 10_15_7) AppleWebKit/537.36 (KHTML, like Gecko) Chrome/100.0.4896.127 Safari/537.36
4	1	0	0	0	27631536	0	0	27631536	0	0	1720	ZaloPC-win32-24v355
4	954	102	118	244	27529388	27519611	27529399	27516344	27516345	27511692	20845176	Mozilla/5.0 (Windows NT 10.0; Win64; x64) AppleWebKit/537.36 (KHTML, like Gecko) Chrome/100.0.4896.127 Safari/537.36
4	118	4	0	4	27516692	0	27516693	27516692	0	27516692	2778113	Mozilla/5.0 (Windows NT 10.0; Win64; x64) AppleWebKit/537.36 (KHTML, like Gecko) Chrome/79.0.3945.79 Safari/537.36
4	0	0	0	1	0	0	27586829	0	0	27586829	0	Mozilla/5.0 (Linux; Android 6.0; Nexus 5 Build/MRA58N) AppleWebKit/537.36 (KHTML, like Gecko) Chrome/102.0.5005.115 Mobile Safari/537.36
4	27	27	0	6	27561209	0	27514490	27519184	0	27511657	305289	Apache-HttpClient/5.1.2 (Java/11.0.14.1)
4	3	3	0	0	27630476	0	0	27630476	0	0	33865	Mozilla/5.0 (X11; Linux x86_64) AppleWebKit/537.36 (KHTML, like Gecko) Chrome/89.0.4389.82 Safari/537.36
4	65	10	0	8	27732895	0	27732895	27713879	0	27713879	925696	Mozilla/5.0 (Linux; Android 6.0.1; Nexus 5X Build/MMB29P) AppleWebKit/537.36 (KHTML, like Gecko) Chrome/105.0.5195.102 Mobile Safari/537.36 (compatible; Googlebot/2.1; +http://www.google.com/bot.html)
4	1	1	0	2	27731481	0	27509848	27731481	0	27509777	48303	Mozilla/5.0 (Windows NT 10.0; Win64; x64) AppleWebKit/537.36 (KHTML, like Gecko) Chrome/64.0.3282.186 Safari/537.36
4	165	9	0	7	27691871	0	27691871	27679020	0	27679020	3420435	Mozilla/5.0 (Windows NT 10.0; WOW64) AppleWebKit/537.36 (KHTML, like Gecko) Chrome/104.0.0.0 Safari/537.36
4	5	5	0	0	27748755	0	0	27683644	0	0	48297	Mozilla/5.0 (Linux; Android 6.0.1; Nexus 5X Build/MMB29P) AppleWebKit/537.36 (KHTML, like Gecko) Chrome/99.0.4844.84 Mobile Safari/537.36 (compatible; Googlebot/2.1; +http://www.google.com/bot.html)
4	14	5	0	5	27702662	0	27702662	27694807	0	27694752	302539	Mozilla/5.0 AppleWebKit/537.36 (KHTML, like Gecko; compatible; Googlebot/2.1; +http://www.google.com/bot.html) Chrome/104.0.5112.101 Safari/537.36
4	67	6	0	8	27544047	0	27544047	27544042	0	27544042	1351778	Mozilla/5.0 (Windows NT 6.3; Win64; x64) AppleWebKit/537.36 (KHTML, like Gecko) Chrome/101.0.4951.67 Safari/537.36
4	112	7	25	3	27603344	27603343	27514030	27529885	27603342	27509710	1472834	Mozilla/5.0 (iPhone; CPU iPhone OS 15_1 like Mac OS X) AppleWebKit/605.1.15 (KHTML, like Gecko) CriOS/95.0.4638.50 Mobile/15E148 Safari/604.1
4	0	0	0	1	0	0	27509848	0	0	27509848	0	Mozilla/5.0 (Windows NT 10.0; Win64; x64) AppleWebKit/537.36 (KHTML, like Gecko) Chrome/58.0.3029.110 Safari/537.36 Edge/16.16299
4	22	22	2	0	27735171	27735153	0	27621618	27735089	0	906355	Mozilla/5.0 (X11; Ubuntu; Linux x86_64; rv:58.0) Gecko/20100101 Firefox/58.0
4	9	8	0	8	27757499	0	27757499	27711482	0	27711483	132290	Mozilla/5.0 (Windows NT 10.0; Win64; x64) AppleWebKit/537.36 (KHTML, like Gecko) Chrome/105.0.0.0 Safari/537.36
4	1	1	0	0	27516556	0	0	27516556	0	0	11308	Mozilla/5.0 (Macintosh; Intel Mac OS X 10_14_6) AppleWebKit/537.36 (KHTML, like Gecko) Chrome/76.0.3809.132 Safari/537.36
4	1	1	0	4	27550764	0	27546455	27550764	0	27546453	11308	Mozilla/5.0 (Windows NT 10.0; Win64; x64; Trident/7.0; rv:11.0) like Gecko
4	58	2	0	2	27528863	0	27528863	27528863	0	27528863	1191870	Mozilla/5.0 (X11; Linux x86_64) AppleWebKit/537.36 (KHTML, like Gecko) HeadlessChrome/98.0.4758.102 Safari/537.36
4	57	3	0	1	27728252	0	27728252	27728251	0	27728252	1141176	Mozilla/5.0 (Windows NT 6.1; Win64; x64) AppleWebKit/537.36 (KHTML, like Gecko) Chrome/105.0.0.0 Safari/537.36
4	18	9	0	18	27622279	0	27622279	27511417	0	27511317	151795	Mozilla/5.0 (Windows NT 10.0; Win64; x64) AppleWebKit/537.36 (KHTML, like Gecko) Chrome/94.0.4606.61 Safari/537.36
4	58	3	0	0	27546451	0	0	27546450	0	0	1158381	Mozilla/5.0 (Windows NT 6.1; Win64; x64) AppleWebKit/537.36 (KHTML, like Gecko) Chrome/100.0.4896.127 Safari/537.36
4	1	1	0	0	27537447	0	0	27537447	0	0	11301	Mozilla/5.0 (Macintosh; Intel Mac OS X 10_11_5) AppleWebKit/537.36 (KHTML, like Gecko) Chrome/51.0.2704.84 Safari/537.36
4	203	7	0	2	27517584	0	27517582	27517582	0	27517582	2936453	Mozilla/5.0 (Linux; U; Android 8.0.0; zh-cn; Mi Note 2 Build/OPR1.170623.032) AppleWebKit/537.36 (KHTML, like Gecko) Version/4.0 Chrome/61.0.3163.128 Mobile Safari/537.36 XiaoMi/MiuiBrowser/10.1.1
4	4	0	0	0	27588839	0	0	27516349	0	0	6880	Mozilla/5.0 (Windows NT 6.2; Win64; x64) AppleWebKit/537.36 (KHTML, like Gecko) Chrome/32.0.1667.0 Safari/537.36 _zbot
4	27	27	0	0	27755462	0	0	27535532	0	0	1200746	Mozilla/5.0 (compatible; NetcraftSurveyAgent/1.0; +info@netcraft.com)
4	3	0	0	0	27644900	0	0	27632004	0	0	5160	ZaloPC-win32-24v471
4	71	0	0	4	27561241	0	27546620	27519185	0	27522481	1944810	Mozilla/5.0 (Windows NT 10.0; Win64; x64) AppleWebKit/537.36 (KHTML, like Gecko) Chrome/96.0.4664.45 Safari/537.36 Edg/96.0.1054.29
4	123	10	4	9	27586830	27586830	27586830	27586823	27586823	27586823	2286580	Mozilla/5.0 (Windows NT 10.0; Win64; x64) AppleWebKit/537.36 (KHTML, like Gecko) Chrome/102.0.5005.63 Safari/537.36
4	1	1	0	0	27702386	0	0	27702386	0	0	11301	Mozilla/5.0 (X11; Linux x86_64) AppleWebKit/537.36 (KHTML, like Gecko) Chrome/61.0.3163.79 Safari/537.36
4	57	3	0	0	27697959	0	0	27697959	0	0	1141111	Mozilla/5.0 (Windows NT 6.1; Win64; x64) AppleWebKit/537.36 (KHTML, like Gecko) Chrome/60.0.3112.90 Safari/537.36
4	2	1	0	0	27757222	0	0	27757222	0	0	43551	Mozilla/5.0 (X11; Linux x86_64; rv:104.0) Gecko/20100101 Firefox/104.0
4	4	4	0	0	27731663	0	0	27509776	0	0	166972	Mozilla/5.0 (Linux; Android 7.0; SM-G930V Build/NRD90M) AppleWebKit/537.36 (KHTML, like Gecko) Chrome/59.0.3071.125 Mobile Safari/537.36
4	1	1	0	0	27658007	0	0	27658007	0	0	11309	Mozilla/5.0 (X11; Ubuntu; Linux x86_64; rv:55.0) Gecko/20100101 Firefox/55.0
4	238	9	0	19	27592402	0	27592402	27516389	0	27516389	4995789	Mozilla/5.0 (iPhone; CPU iPhone OS 12_3_1 like Mac OS X) AppleWebKit/605.1.15 (KHTML, like Gecko) Version/12.1.1 Mobile/15E148 Safari/604.1
4	286	42	5	84	27550921	27550920	27550931	27547999	27550828	27547999	7735292	Mozilla/5.0 (Windows NT 10.0; Win64; x64) AppleWebKit/537.36 (KHTML, like Gecko) Chrome/101.0.4951.67 Safari/537.36
4	171	22	0	10	27699250	0	27692414	27683535	0	27683535	2417594	Mozilla/5.0 (Linux; Android 6.0.1; Nexus 5X Build/MMB29P) AppleWebKit/537.36 (KHTML, like Gecko) Chrome/104.0.5112.79 Mobile Safari/537.36 (compatible; Googlebot/2.1; +http://www.google.com/bot.html)
4	226	10	0	10	27644902	0	27644901	27644900	0	27644900	5196114	Mozilla/5.0 (Windows NT 10.0; Win64; x64) AppleWebKit/537.36 (KHTML, like Gecko) Chrome/103.0.5060.114 Safari/537.36 Edg/103.0.1264.62
5	2	1	0	1	27516556	0	27516556	27516556	0	27516556	11332	8.218.11.241
5	2	1	0	0	27620782	0	0	27620782	0	0	24583	176.53.220.179
5	0	0	0	1	0	0	27522316	0	0	27522316	0	119.63.227.29
5	1	1	0	0	27535532	0	0	27535532	0	0	48303	134.209.167.107
5	129	13	0	16	27546455	0	27546455	27546450	0	27546450	2763805	171.247.150.234
5	1	1	0	2	27622279	0	27622279	27622279	0	27622279	11281	45.90.63.149
5	0	0	0	1	0	0	27717870	0	0	27717870	0	103.199.56.68
5	1	1	0	0	27569735	0	0	27569735	0	0	38254	174.138.60.53
5	1	1	0	0	27671296	0	0	27671296	0	0	48303	143.198.3.18
5	0	0	0	1	0	0	27514491	0	0	27514491	0	182.255.67.8
5	1	1	0	0	27652810	0	0	27652810	0	0	11305	34.78.81.238
5	1	1	0	0	27537447	0	0	27537447	0	0	11301	212.115.42.243
5	0	0	0	1	0	0	27582319	0	0	27582319	0	3.99.61.205
5	1	1	0	0	27732576	0	0	27732576	0	0	32183	51.255.62.14
5	3	0	0	0	27655773	0	0	27655773	0	0	45342	69.171.251.24
5	0	0	1	0	0	27735089	0	0	27735089	0	0	51.255.62.13
5	1	0	0	0	27655773	0	0	27655773	0	0	57068	69.171.251.23
5	1	1	0	0	27735089	0	0	27735089	0	0	48303	51.255.62.12
5	0	0	0	1	0	0	27512320	0	0	27512320	0	95.52.88.52
5	1	1	0	0	27621618	0	0	27621618	0	0	38254	51.255.62.10
5	1	1	0	3	27717983	0	27717983	27717983	0	27717983	32031	103.199.56.44
5	0	0	0	1	0	0	27514030	0	0	27514030	0	152.39.209.2
5	1	0	0	1	27700538	0	27700538	27700538	0	27700538	5682	66.249.66.214
5	1	1	0	0	27700539	0	0	27700539	0	0	31052	66.249.66.212
5	1	0	0	0	27655773	0	0	27655773	0	0	65535	69.171.251.13
5	7	0	0	0	27603344	0	0	27603344	0	0	111329	94.139.59.165
5	1	0	0	1	27655773	0	27655773	27655773	0	27655773	65535	69.171.251.12
5	57	2	0	4	27717822	0	27717822	27717822	0	27717822	1144639	103.199.56.34
5	0	0	0	2	0	0	27511474	0	0	27511474	0	45.90.62.83
5	0	0	0	1	0	0	27532966	0	0	27532966	0	126.110.215.98
5	1	1	0	0	27534516	0	0	27534516	0	0	38254	205.210.31.5
5	4	1	0	0	27524627	0	0	27524627	0	0	107920	173.252.127.116
5	1	1	0	0	27535605	0	0	27535605	0	0	48232	104.131.42.194
5	1	1	0	0	27649114	0	0	27649114	0	0	48303	163.172.180.25
5	0	0	0	2	0	0	27734395	0	0	27734395	0	186.29.79.105
5	0	0	0	1	0	0	27509725	0	0	27509725	0	171.13.14.75
5	1	1	0	1	27546618	0	27546619	27546618	0	27546619	11309	221.151.168.91
5	1	1	0	0	27519184	0	0	27519184	0	0	11308	61.83.253.163
5	1	1	0	0	27658007	0	0	27658007	0	0	11309	34.133.17.120
5	0	0	0	1	0	0	27520724	0	0	27520724	0	185.220.101.48
5	1	1	0	0	27629289	0	0	27629289	0	0	48303	159.65.182.198
5	1	0	0	0	27699702	0	0	27699702	0	0	1720	103.199.57.156
5	5	5	0	3	27731504	0	27509777	27509777	0	27509777	215204	69.4.89.106
5	37	0	0	0	27528863	0	0	27528863	0	0	736550	89.187.175.246
5	1	1	0	0	27671413	0	0	27671413	0	0	48232	167.172.31.222
5	1	1	0	0	27735171	0	0	27735171	0	0	48303	51.254.49.111
5	2	2	0	0	27732724	0	0	27732724	0	0	80415	51.254.49.110
5	1	1	0	0	27576191	0	0	27576191	0	0	48303	134.209.36.199
5	1	0	0	0	27622279	0	0	27622279	0	0	1720	176.53.221.174
5	1	1	0	0	27715237	0	0	27715237	0	0	48232	167.71.173.211
5	1	1	0	0	27732724	0	0	27732724	0	0	48303	51.254.49.106
5	1	1	0	0	27621802	0	0	27621802	0	0	48232	51.254.49.105
5	1	1	0	0	27621802	0	0	27621802	0	0	48303	51.254.49.104
5	21	2	0	2	27528863	0	27528863	27528863	0	27528863	455320	174.7.32.199
5	6	0	0	0	27524628	0	0	27524627	0	0	37189	173.252.127.29
5	1	1	0	0	27735171	0	0	27735171	0	0	32183	51.254.49.101
5	2	2	0	0	27732724	0	0	27621802	0	0	96464	51.254.49.100
5	9	0	20	0	27603343	27603343	0	27603343	27603342	0	66580	152.39.145.80
5	12	0	0	0	27524628	0	0	27524627	0	0	118237	173.252.127.25
5	1	1	0	0	27528630	0	0	27528630	0	0	11260	211.226.181.252
5	1	1	0	0	27621618	0	0	27621618	0	0	48303	51.255.62.7
5	11	0	0	0	27524628	0	0	27524627	0	0	162057	173.252.127.18
5	1	1	0	0	27732576	0	0	27732576	0	0	48303	51.255.62.5
5	2	2	0	0	27735089	0	0	27621618	0	0	51468	51.255.62.4
5	1	1	0	0	27524628	0	0	27524628	0	0	31898	173.252.127.16
5	1	1	0	0	27735089	0	0	27735089	0	0	32183	51.255.62.3
5	2	2	0	0	27732576	0	0	27621618	0	0	96464	51.255.62.2
5	24	8	0	8	27748284	0	27736742	27683640	0	27684273	224041	66.249.79.245
5	1	0	0	0	27603343	0	0	27603343	0	0	53882	206.204.7.252
5	494	53	114	93	27524704	27519611	27524704	27516345	27516363	27511692	11887027	171.227.255.238
5	77	16	0	11	27748284	0	27754296	27683640	0	27683644	1489816	66.249.79.243
5	0	0	0	1	0	0	27522481	0	0	27522481	0	222.117.84.195
5	304	43	0	26	27754296	0	27747791	27683640	0	27683641	4559959	66.249.79.241
5	131	8	0	9	27607213	0	27607213	27586828	0	27586828	3579184	27.75.101.160
5	1	1	0	0	27535593	0	0	27535593	0	0	48232	68.183.52.122
5	7	1	0	0	27603343	0	0	27603343	0	0	77500	206.204.8.7
5	5	1	0	0	27684030	0	0	27683770	0	0	135445	66.249.79.233
5	9	1	0	2	27684030	0	27684030	27683697	0	27683770	103278	66.249.79.231
5	9	0	0	0	27529887	0	0	27529887	0	0	87793	152.39.197.93
5	34	3	0	1	27684030	0	27683770	27683769	0	27683770	449010	66.249.79.229
5	8	1	0	0	27603344	0	0	27603343	0	0	97686	119.12.187.55
5	1	1	0	0	27671466	0	0	27671466	0	0	48232	167.172.255.236
5	1	1	0	0	27522314	0	0	27522314	0	0	11312	112.170.19.197
5	1	0	0	0	27689507	0	0	27689507	0	0	31569	66.249.68.84
5	57	3	0	1	27728252	0	27728252	27728251	0	27728252	1141176	115.78.11.67
5	1	1	0	0	27652810	0	0	27652810	0	0	11279	34.140.215.150
5	1	0	0	0	27727949	0	0	27727949	0	0	41828	125.235.233.161
5	4	0	0	0	27529887	0	0	27529887	0	0	36465	152.39.207.79
5	0	0	0	2	0	0	27511395	0	0	27511395	0	45.90.61.2
5	1	1	0	0	27629327	0	0	27629327	0	0	48232	159.65.164.2
5	9	3	0	12	27630566	0	27630566	27630564	0	27630564	236292	103.199.32.91
5	0	0	0	5	0	0	27556660	0	0	27519585	0	103.27.60.89
5	0	0	0	1	0	0	27511662	0	0	27511662	0	106.75.2.164
5	0	0	1	0	0	27735153	0	0	27735153	0	0	188.165.87.111
5	2	1	0	0	27622219	0	0	27622219	0	0	24584	45.90.60.239
5	2	2	0	0	27732636	0	0	27621691	0	0	70437	188.165.87.108
5	4	0	0	0	27689328	0	0	27689328	0	0	61788	66.249.68.54
5	0	0	0	1	0	0	27511658	0	0	27511658	0	221.241.238.36
5	17	1	0	0	27655773	0	0	27655772	0	0	366177	69.171.251.9
5	2	0	0	1	27689328	0	27689328	27689328	0	27689328	66080	66.249.68.52
5	4	0	0	0	27655773	0	0	27655773	0	0	63238	69.171.251.8
5	1	1	0	0	27509699	0	0	27509699	0	0	12285	44.193.196.64
5	7	2	0	0	27689328	0	0	27689328	0	0	81353	66.249.68.50
5	0	0	0	1	0	0	27546332	0	0	27546332	0	222.110.71.95
5	6	0	0	1	27588839	0	27516381	27516349	0	27516381	10320	49.213.78.31
5	2	0	0	0	27655773	0	0	27655773	0	0	16996	69.171.251.5
5	1	1	0	0	27655772	0	0	27655772	0	0	31864	69.171.251.4
5	1	1	0	0	27576148	0	0	27576148	0	0	38254	167.172.31.125
5	1	0	0	0	27655772	0	0	27655772	0	0	65535	69.171.251.2
5	1	1	0	0	27558098	0	0	27558098	0	0	48232	51.158.108.61
5	1	0	0	0	27603343	0	0	27603343	0	0	39418	213.188.88.138
5	1	1	0	1	27699372	0	27699372	27699372	0	27699372	11282	69.164.220.13
5	1	1	0	0	27550764	0	0	27550764	0	0	11308	27.77.103.167
5	1	0	0	0	27716372	0	0	27716372	0	0	1720	103.199.32.58
5	1	0	0	0	27529887	0	0	27529887	0	0	53882	167.160.37.237
5	2	0	0	0	27603343	0	0	27603343	0	0	2543	206.204.50.203
5	1	1	0	0	27576105	0	0	27576105	0	0	48232	167.71.245.32
5	0	0	0	1	0	0	27509710	0	0	27509710	0	119.13.216.23
5	272	12	0	14	27644902	0	27644901	27631315	0	27631316	5663094	171.240.151.6
5	1	1	0	0	27537569	0	0	27537569	0	0	11308	58.225.177.115
5	1	1	0	0	27527092	0	0	27527092	0	0	11307	218.239.14.153
5	0	0	0	4	0	0	27732539	0	0	27732538	0	95.217.128.38
5	0	0	0	1	0	0	27528629	0	0	27528629	0	83.249.82.98
5	11	1	0	0	27529885	0	0	27529885	0	0	276388	205.237.94.15
5	76	4	0	1	27516705	0	27516705	27516705	0	27516705	1434419	27.73.62.128
5	0	0	0	1	0	0	27561241	0	0	27561241	0	106.252.207.22
5	3	3	0	0	27537569	0	0	27519185	0	0	33875	54.237.250.240
5	1	0	0	0	27529887	0	0	27529887	0	0	4431	216.194.92.80
5	6	0	0	0	27603343	0	0	27603343	0	0	24689	152.39.254.97
5	1	1	0	0	27613454	0	0	27613454	0	0	38254	167.71.88.241
5	1	1	0	0	27600259	0	0	27600259	0	0	48303	198.235.24.151
5	1	1	0	0	27640476	0	0	27640476	0	0	48232	198.235.24.149
5	0	0	0	1	0	0	27519186	0	0	27519186	0	95.31.0.50
5	59	2	0	4	27525285	0	27525285	27525285	0	27525285	1236742	42.112.231.150
5	1	1	0	0	27755462	0	0	27755462	0	0	48303	64.225.55.232
5	16	3	0	2	27698995	0	27701071	27683535	0	27692415	109658	66.249.71.54
5	35	8	0	8	27702662	0	27702662	27683535	0	27693171	527664	66.249.71.52
5	791	100	12	253	27679025	27586830	27679027	27516344	27516431	27514853	17879894	113.161.34.230
5	71	17	0	9	27702662	0	27698995	27683535	0	27683535	1252004	66.249.71.50
5	0	0	0	28	0	0	27521406	0	0	27519586	0	91.199.212.132
5	144	9	95	12	27631537	27631537	27631537	27631536	27631536	27631536	3885395	14.186.250.89
5	1	1	0	0	27691189	0	0	27691189	0	0	48232	51.15.251.143
5	1	0	0	0	27520724	0	0	27520724	0	0	12292	212.47.229.4
5	1	1	0	0	27569846	0	0	27569846	0	0	11301	104.198.219.75
5	2	0	0	0	27529887	0	0	27529887	0	0	4530	216.19.220.78
5	0	0	0	1	0	0	27509696	0	0	27509696	0	167.248.133.44
5	56	1	0	0	27650883	0	0	27650883	0	0	968468	34.72.176.129
5	0	0	0	1	0	0	27622140	0	0	27622140	0	89.104.111.196
5	1	1	0	0	27621769	0	0	27621769	0	0	38254	51.254.49.99
5	2	1	0	2	27620763	0	27620763	27620763	0	27620763	13028	45.90.60.105
5	1	1	0	0	27659811	0	0	27659811	0	0	38254	68.183.50.12
5	0	0	0	1	0	0	27511151	0	0	27511151	0	199.244.60.51
5	1	1	0	0	27755436	0	0	27755436	0	0	32183	167.99.59.9
5	2	1	0	0	27603342	0	0	27603342	0	0	55155	198.240.126.207
5	0	0	0	1	0	0	27546332	0	0	27546332	0	124.18.33.102
5	1	0	0	0	27520724	0	0	27520724	0	0	12291	109.70.100.22
5	154	8	0	4	27516692	0	27516693	27516691	0	27516692	3274054	65.154.226.220
5	1	1	0	0	27702386	0	0	27702386	0	0	11301	34.71.93.8
5	62	3	0	7	27592402	0	27592402	27592401	0	27592401	1300641	171.253.141.117
5	1	1	0	0	27516349	0	0	27516349	0	0	11309	139.99.62.149
5	59	2	0	3	27526788	0	27526788	27526788	0	27526788	1389064	117.248.36.11
5	95	2	0	0	27517582	0	0	27517582	0	0	1006493	42.236.10.93
5	1	1	0	1	27622140	0	27622140	27622140	0	27622140	11278	45.90.61.173
5	1	1	0	0	27745618	0	0	27745618	0	0	11309	34.172.48.105
5	1	1	0	1	27711482	0	27711483	27711482	0	27711483	11309	80.248.227.19
5	199	40	7	29	27594352	27594352	27594352	27594339	27594339	27594339	3889010	116.109.18.231
5	0	0	0	1	0	0	27525440	0	0	27525440	0	211.177.22.181
5	62	3	0	2	27517584	0	27517582	27517582	0	27517582	1560725	42.236.10.84
5	1	0	0	0	27620843	0	0	27620843	0	0	1720	89.104.100.232
5	46	2	0	0	27517583	0	0	27517583	0	0	369235	42.236.10.75
5	57	4	0	5	27516899	0	27516899	27516716	0	27516716	1255306	42.116.153.160
5	1	0	0	0	27622140	0	0	27622140	0	0	1720	176.113.42.246
5	0	0	0	1	0	0	27538167	0	0	27538167	0	46.70.132.240
5	60	2	0	2	27517084	0	27517084	27517084	0	27517084	1406518	65.154.226.171
5	2	1	0	2	27622200	0	27622200	27622200	0	27622200	13021	176.53.217.170
5	1	1	0	0	27552262	0	0	27552262	0	0	48303	205.210.31.161
5	13	1	0	0	27650957	0	0	27650957	0	0	120595	65.154.226.168
5	1	1	0	0	27549942	0	0	27549942	0	0	48303	205.210.31.158
5	0	0	0	2	0	0	27511317	0	0	27511317	0	89.104.111.119
5	15	0	0	0	27655773	0	0	27655772	0	0	395182	69.171.251.120
5	12	0	0	1	27655772	0	27655773	27655772	0	27655773	77586	69.171.251.119
5	1	0	0	0	27655772	0	0	27655772	0	0	56674	69.171.251.117
5	1	1	0	0	27652812	0	0	27652812	0	0	11309	35.189.254.86
5	570	3	0	54	27561241	0	27561241	27519185	0	27519185	15381480	54.227.32.154
5	1	1	0	0	27652811	0	0	27652811	0	0	11272	104.155.40.113
5	0	0	0	1	0	0	27546619	0	0	27546619	0	76.71.17.13
5	9	9	0	3	27731481	0	27509758	27509758	0	27509758	398225	93.119.227.91
5	1	1	0	0	27597493	0	0	27597493	0	0	11301	18.184.235.156
5	1	1	0	0	27539393	0	0	27539393	0	0	48303	205.210.31.141
5	1	1	0	0	27659399	0	0	27659399	0	0	38254	205.210.31.135
5	1	1	0	0	27549661	0	0	27549661	0	0	48303	198.235.24.31
5	1	1	0	0	27645395	0	0	27645395	0	0	48303	198.235.24.29
5	1	1	0	0	27748755	0	0	27748755	0	0	9659	66.249.64.212
5	1	1	0	0	27529887	0	0	27529887	0	0	1273	168.151.136.143
5	1	1	0	0	27569855	0	0	27569855	0	0	11307	34.133.51.129
5	7	5	0	0	27748755	0	0	27748753	0	0	127191	66.249.64.210
5	1	1	0	1	27749779	0	27749779	27749779	0	27749779	11302	193.235.141.181
5	1	1	0	1	27728100	0	27728100	27728100	0	27728100	11309	193.235.141.178
5	2	1	0	0	27757222	0	0	27757222	0	0	43551	51.158.37.181
5	2	2	0	2	27735294	0	27735294	27720973	0	27720973	22617	193.235.141.173
5	1	1	0	1	27757499	0	27757499	27757499	0	27757499	11308	193.235.141.172
5	1	1	0	0	27543146	0	0	27543146	0	0	48303	198.235.24.14
5	1	1	0	0	27563682	0	0	27563682	0	0	38254	51.15.195.246
5	1	0	0	0	27603344	0	0	27603344	0	0	21096	94.176.85.50
5	1	1	0	1	27716128	0	27716128	27716128	0	27716128	11309	193.235.141.169
5	1	1	0	1	27742513	0	27742513	27742513	0	27742513	11308	193.235.141.170
5	1	0	0	0	27603344	0	0	27603344	0	0	0	93.115.5.215
5	1	1	0	0	27755412	0	0	27755412	0	0	48232	165.227.79.58
5	1	1	0	0	27629454	0	0	27629454	0	0	48232	64.225.62.135
5	9	9	0	3	27731539	0	27509776	27509776	0	27509776	398225	69.4.87.74
5	1	1	0	0	27698911	0	0	27698911	0	0	38254	51.158.98.24
5	104	4	0	3	27691871	0	27691871	27691871	0	27691871	2147385	101.99.36.132
5	0	0	0	1	0	0	27528630	0	0	27528630	0	188.243.6.127
5	2	1	0	0	27511417	0	0	27511417	0	0	24583	89.104.100.136
5	3	3	0	0	27630476	0	0	27630476	0	0	33865	144.91.106.14
5	58	3	0	0	27546451	0	0	27546450	0	0	1158381	42.117.10.70
5	1	0	0	0	27620702	0	0	27620702	0	0	1720	176.53.222.46
5	1	1	0	0	27522315	0	0	27522315	0	0	11279	112.72.253.154
5	0	0	0	1	0	0	27525440	0	0	27525440	0	60.149.23.205
5	1	1	0	0	27715013	0	0	27715013	0	0	32183	68.183.144.75
5	189	9	1	13	27516349	27516345	27516349	27516344	27516345	27516343	3322795	14.248.151.88
5	0	0	0	1	0	0	27520724	0	0	27520724	0	185.220.101.6
5	0	0	0	1	0	0	27509296	0	0	27509296	0	198.23.148.146
5	57	3	0	0	27697959	0	0	27697959	0	0	1141111	51.77.73.186
5	5	5	0	3	27731663	0	27509848	27509848	0	27509848	215204	93.119.227.19
5	1	0	0	0	27739242	0	0	27739242	0	0	5672	66.249.71.214
5	0	0	5	0	0	27603342	0	0	27603342	0	0	193.200.105.193
5	1	1	0	0	27576033	0	0	27576033	0	0	48232	138.197.14.170
5	7	0	0	0	27529887	0	0	27529887	0	0	41032	119.13.209.86
5	1	1	0	0	27535693	0	0	27535693	0	0	38254	104.131.62.5
5	2	0	0	1	27739006	0	27722173	27722559	0	27722173	22854	66.249.71.210
5	2	2	0	0	27644989	0	0	27644989	0	0	96606	205.210.31.35
5	6	1	0	2	27650883	0	27650883	27650883	0	27650883	424541	34.123.170.104
5	5	0	0	0	27529887	0	0	27529887	0	0	30115	152.39.239.250
5	1	1	0	0	27656972	0	0	27656972	0	0	48303	205.210.31.29
5	1	1	0	0	27755322	0	0	27755322	0	0	48232	165.22.43.233
5	1	0	0	0	27732895	0	0	27732895	0	0	41828	14.191.196.163
5	1	1	0	0	27554831	0	0	27554831	0	0	48303	205.210.31.18
5	0	0	0	1	0	0	27522336	0	0	27522336	0	222.235.221.228
5	0	0	0	1	0	0	27520724	0	0	27520724	0	31.42.184.136
5	0	0	0	1	0	0	27511657	0	0	27511657	0	61.75.64.111
5	1	0	0	1	27686468	0	27686484	27686468	0	27686484	24	66.249.65.216
5	1	1	0	0	27629423	0	0	27629423	0	0	38254	64.225.6.240
5	12	1	0	0	27529885	0	0	27529885	0	0	163528	206.204.41.198
5	1	0	0	0	27687167	0	0	27687167	0	0	45750	66.249.65.214
5	4	1	0	0	27687983	0	0	27686469	0	0	49095	66.249.65.212
5	1	1	0	0	27519185	0	0	27519185	0	0	11308	118.241.39.158
5	12	1	0	0	27603342	0	0	27603342	0	0	134137	161.129.174.199
5	1	1	0	2	27620702	0	27620702	27620702	0	27620702	11279	176.53.220.242
5	2	0	0	0	27529887	0	0	27529887	0	0	89382	119.13.213.204
5	1	1	0	0	27715074	0	0	27715074	0	0	48232	138.197.12.25
5	58	3	0	1	27606876	0	27606876	27606876	0	27606876	1218164	42.116.118.123
5	0	0	0	1	0	0	27520724	0	0	27520724	0	83.137.158.10
5	1	1	0	0	27671332	0	0	27671332	0	0	38254	143.198.3.70
5	1	1	0	0	27692644	0	0	27692644	0	0	48303	51.158.66.83
5	1	1	0	0	27613224	0	0	27613224	0	0	11309	34.134.93.41
5	23	23	0	66	27561209	0	27561209	27522335	0	27511770	260053	18.206.55.48
5	1	1	0	0	27509697	0	0	27509697	0	0	38254	151.106.120.184
5	52	5	0	12	27627576	0	27627576	27627573	0	27627573	106962	103.199.33.40
5	62	6	0	17	27588847	0	27588860	27588840	0	27588840	1350468	103.199.56.95
5	0	0	0	1	0	0	27514490	0	0	27514490	0	126.46.40.71
5	0	0	0	1	0	0	27522315	0	0	27522315	0	61.82.229.107
5	1	1	0	0	27715194	0	0	27715194	0	0	48303	134.209.166.77
5	1	1	0	2	27620843	0	27620843	27620843	0	27620843	11278	45.90.60.56
z	0	115	2	27695674	0
z	1	43	0	27522077	43
z	2	96	0	27754296	3752
z	3	506	0	27748753	331772
z	4	1677	157	27748755	7472802
z	5	2851	449	27757499	98725368
z	6	15	0	27712802	6275712
c	200	5206	27757499
c	206	47	27644900
c	301	2	27735153
c	302	2	27594351
c	303	13	27594352
c	304	50	27631316
c	307	239	27631537
c	403	3	27520724
c	404	826	27757499
c	500	2	27516345
